[
  [0.00,0.00],
  [1224.30,945.60],
  [1325.90,945.60],
  [1325.90,971.00],
  [1224.30,971.00],
  [1224.30,996.40],
  [1325.90,996.40],
  [1325.90,1021.80],
  [1224.30,1021.80],
  [1186.20,1034.50],
  [1084.60,1034.50],
  [1052.80,1034.50],
  [1027.40,1034.50],
  [1224.30,1047.20],
  [1325.90,1047.20],
  [1186.20,1059.90],
  [1084.60,1059.90],
  [1052.80,1059.90],
  [1027.40,1059.90],
  [1224.30,1072.60],
  [1325.90,1072.60],
  [1186.20,1085.30],
  [1084.60,1085.30],
  [1052.80,1085.30],
  [1027.40,1085.30],
  [1224.30,1098.00],
  [1325.90,1098.00],
  [1186.20,1110.70],
  [1084.60,1110.70],
  [1052.80,1110.70],
  [1027.40,1110.70],
  [1224.30,1123.40],
  [1325.90,1123.40],
  [1186.20,1136.10],
  [1084.60,1136.10],
  [1052.80,1136.10],
  [1027.40,1136.10],
  [1224.30,1148.80],
  [1325.90,1148.80],
  [1186.20,1161.50],
  [1084.60,1161.50],
  [1052.80,1161.50],
  [1027.40,1161.50],
  [1224.30,1174.20],
  [1325.90,1174.20],
  [1186.20,1186.90],
  [1084.60,1186.90],
  [1052.80,1186.90],
  [1027.40,1186.90],
  [1224.30,1199.60],
  [1325.90,1199.60],
  [1186.20,1212.30],
  [1084.60,1212.30],
  [1052.80,1212.30],
  [1027.40,1212.30],
  [1224.30,1225.00],
  [1325.90,1225.00],
  [1186.20,1237.70],
  [1084.60,1237.70],
  [1052.80,1237.70],
  [1027.40,1237.70],
  [1224.30,1250.40],
  [1325.90,1250.40],
  [1186.20,1263.10],
  [1084.60,1263.10],
  [1052.80,1263.10],
  [1027.40,1263.10],
  [1224.30,1275.80],
  [1325.90,1275.80],
  [1186.20,1288.50],
  [1084.60,1288.50],
  [1052.80,1288.50],
  [1027.40,1288.50],
  [1027.40,1313.90],
  [1052.80,1313.90],
  [1084.60,1313.90],
  [1186.20,1313.90],
  [1287.80,1339.30],
  [1262.40,1339.30],
  [1186.20,1339.30],
  [1084.60,1339.30],
  [1052.80,1339.30],
  [1027.40,1339.30],
  [1027.40,1364.70],
  [1052.80,1364.70],
  [1084.60,1364.70],
  [1186.20,1364.70],
  [1186.20,1390.10],
  [1084.60,1390.10],
  [1052.80,1390.10],
  [1027.40,1390.10],
  [1224.30,1402.80],
  [1325.90,1402.80],
  [1186.20,1415.50],
  [1084.60,1415.50],
  [1052.80,1415.50],
  [1027.40,1415.50],
  [1224.30,1428.20],
  [1325.90,1428.20],
  [1325.90,1453.60],
  [1224.30,1453.60],
  [1224.30,1479.00],
  [1325.90,1479.00],
  [1186.20,1491.70],
  [1084.60,1491.70],
  [1052.80,1491.70],
  [1027.40,1504.40],
  [1224.30,1504.40],
  [1325.90,1504.40],
  [1052.80,1517.10],
  [1224.30,1529.80],
  [1325.90,1529.80],
  [1325.90,1555.20],
  [1224.30,1555.20],
  [1224.30,1580.60],
  [1325.90,1580.60],
  [1325.90,1606.00],
  [1224.30,1606.00],
  [1224.30,1631.40],
  [1325.90,1631.40],
  [1325.90,1656.80],
  [1224.30,1656.80],
  [1224.30,1682.20],
  [1325.90,1682.20],
  [1325.90,1707.60],
  [1224.30,1707.60],
  [1224.30,1733.00],
  [1325.90,1733.00],
  [1097.30,1948.90],
  [1071.90,1948.90],
  [1224.30,2152.10],
  [1325.90,2152.10],
  [1325.90,2177.50],
  [1224.30,2177.50],
  [1224.30,2202.90],
  [1325.90,2202.90],
  [1325.90,2228.30],
  [1224.30,2228.30],
  [1224.30,2253.70],
  [1325.90,2253.70],
  [1325.90,2279.10],
  [1224.30,2279.10],
  [1224.30,2304.50],
  [1325.90,2304.50],
  [1325.90,2329.90],
  [1224.30,2329.90],
  [1224.30,2355.30],
  [1325.90,2355.30],
  [1325.90,2380.70],
  [1224.30,2380.70],
  [1224.30,2406.10],
  [1325.90,2406.10],
  [1325.90,2431.50],
  [1224.30,2431.50],
  [1224.30,2456.90],
  [1325.90,2456.90],
  [1325.90,2482.30],
  [1224.30,2482.30],
  [1262.40,2545.80],
  [1287.80,2545.80],
  [1325.90,2609.30],
  [1224.30,2609.30],
  [1224.30,2634.70],
  [1325.90,2634.70],
  [1186.20,2647.40],
  [1084.60,2647.40],
  [1052.80,2647.40],
  [1027.40,2660.10],
  [1224.30,2660.10],
  [1325.90,2660.10],
  [1052.80,2672.80],
  [1224.30,2685.50],
  [1325.90,2685.50],
  [1325.90,2710.90],
  [1224.30,2710.90],
  [1224.30,2736.30],
  [1325.90,2736.30],
  [1325.90,2761.70],
  [1224.30,2761.70],
  [1224.30,2787.10],
  [1325.90,2787.10],
  [1325.90,2812.50],
  [1224.30,2812.50],
  [1325.90,2837.90],
  [1224.30,2837.90],
  [1186.20,2837.90],
  [1084.60,2837.90],
  [1224.30,2863.30],
  [1325.90,2863.30],
  [1325.90,2888.70],
  [1224.30,2888.70],
  [1224.30,2914.10],
  [1325.90,2914.10],
  [1325.90,2939.50],
  [1224.30,2939.50],
  [1579.90,3028.40],
  [1605.30,3028.40],
  [1630.70,3028.40],
  [1656.10,3028.40],
  [1681.50,3028.40],
  [1706.90,3028.40],
  [1732.30,3028.40],
  [1757.70,3028.40],
  [1783.10,3028.40],
  [1808.50,3028.40],
  [1833.90,3028.40],
  [1859.30,3028.40],
  [1884.70,3028.40],
  [1910.10,3028.40],
  [1935.50,3028.40],
  [1973.60,3015.70],
  [1999.00,3015.70],
  [2024.40,3015.70],
  [1922.80,2984.00],
  [1821.20,2984.00],
  [1618.00,2971.30],
  [1681.50,2964.90],
  [1783.10,2964.90],
  [1821.20,2958.60],
  [1922.80,2958.60],
  [1643.40,2945.90],
  [1681.50,2939.50],
  [1783.10,2939.50],
  [1973.60,2939.50],
  [1999.00,2939.50],
  [2024.40,2939.50],
  [2075.20,2939.50],
  [2176.80,2939.50],
  [1948.20,2920.50],
  [1872.00,2920.50],
  [1618.00,2920.50],
  [1681.50,2914.10],
  [1783.10,2914.10],
  [1973.60,2914.10],
  [1999.00,2914.10],
  [2024.40,2914.10],
  [2075.20,2914.10],
  [2176.80,2914.10],
  [2176.80,2888.70],
  [2075.20,2888.70],
  [1783.10,2888.70],
  [1681.50,2888.70],
  [1618.00,2869.70],
  [1872.00,2869.70],
  [1948.20,2869.70],
  [2176.80,2863.30],
  [2075.20,2863.30],
  [1783.10,2863.30],
  [1681.50,2863.30],
  [1643.40,2844.30],
  [1681.50,2837.90],
  [1783.10,2837.90],
  [1878.30,2837.90],
  [1903.70,2837.90],
  [1929.10,2837.90],
  [1973.60,2837.90],
  [1999.00,2837.90],
  [2024.40,2837.90],
  [2075.20,2837.90],
  [2176.80,2837.90],
  [1618.00,2818.90],
  [1681.50,2812.50],
  [1783.10,2812.50],
  [2075.20,2812.50],
  [2176.80,2812.50],
  [2176.80,2787.10],
  [2075.20,2787.10],
  [2024.40,2787.10],
  [1999.00,2787.10],
  [1973.60,2787.10],
  [1783.10,2787.10],
  [1681.50,2787.10],
  [1618.00,2768.10],
  [1681.50,2761.70],
  [1783.10,2761.70],
  [2075.20,2761.70],
  [2176.80,2761.70],
  [1643.40,2742.70],
  [1681.50,2736.30],
  [1783.10,2736.30],
  [1878.30,2736.30],
  [1903.70,2736.30],
  [1929.10,2736.30],
  [2075.20,2736.30],
  [2176.80,2736.30],
  [1618.00,2717.30],
  [1681.50,2710.90],
  [1783.10,2710.90],
  [1821.20,2710.90],
  [1922.80,2710.90],
  [1973.60,2710.90],
  [1999.00,2710.90],
  [2024.40,2710.90],
  [2075.20,2710.90],
  [2176.80,2710.90],
  [2176.80,2685.50],
  [2075.20,2685.50],
  [2024.40,2685.50],
  [1999.00,2685.50],
  [1973.60,2685.50],
  [1922.80,2685.50],
  [1821.20,2685.50],
  [1783.10,2685.50],
  [1757.70,2685.50],
  [1732.30,2685.50],
  [1706.90,2685.50],
  [1681.50,2685.50],
  [1656.10,2685.50],
  [1618.00,2666.50],
  [1821.20,2660.10],
  [1922.80,2660.10],
  [2075.20,2660.10],
  [2176.80,2660.10],
  [1643.40,2641.10],
  [1681.50,2634.70],
  [1783.10,2634.70],
  [1821.20,2634.70],
  [1922.80,2634.70],
  [2075.20,2634.70],
  [2176.80,2634.70],
  [1618.00,2615.70],
  [1681.50,2609.30],
  [1783.10,2609.30],
  [1821.20,2609.30],
  [1922.80,2609.30],
  [1973.60,2609.30],
  [1999.00,2609.30],
  [2024.40,2609.30],
  [2075.20,2609.30],
  [2176.80,2609.30],
  [1935.50,2571.20],
  [1910.10,2571.20],
  [1884.70,2571.20],
  [1859.30,2571.20],
  [1833.90,2571.20],
  [1808.50,2571.20],
  [1783.10,2571.20],
  [1757.70,2571.20],
  [1732.30,2571.20],
  [1706.90,2571.20],
  [1681.50,2571.20],
  [1656.10,2571.20],
  [1630.70,2571.20],
  [1605.30,2571.20],
  [1579.90,2571.20],
  [1973.60,2558.50],
  [1999.00,2558.50],
  [2024.40,2558.50],
  [2113.30,2545.80],
  [2138.70,2545.80],
  [1922.80,2526.80],
  [1821.20,2526.80],
  [1618.00,2514.10],
  [1681.50,2507.70],
  [1783.10,2507.70],
  [1821.20,2501.40],
  [1922.80,2501.40],
  [1643.40,2488.70],
  [1681.50,2482.30],
  [1783.10,2482.30],
  [1973.60,2482.30],
  [1999.00,2482.30],
  [2024.40,2482.30],
  [2075.20,2482.30],
  [2176.80,2482.30],
  [1948.20,2463.30],
  [1872.00,2463.30],
  [1618.00,2463.30],
  [1681.50,2456.90],
  [1783.10,2456.90],
  [1973.60,2456.90],
  [1999.00,2456.90],
  [2024.40,2456.90],
  [2075.20,2456.90],
  [2176.80,2456.90],
  [2176.80,2431.50],
  [2075.20,2431.50],
  [1783.10,2431.50],
  [1681.50,2431.50],
  [1618.00,2412.50],
  [1872.00,2412.50],
  [1948.20,2412.50],
  [2176.80,2406.10],
  [2075.20,2406.10],
  [1783.10,2406.10],
  [1681.50,2406.10],
  [1643.40,2387.10],
  [1681.50,2380.70],
  [1783.10,2380.70],
  [1878.30,2380.70],
  [1903.70,2380.70],
  [1929.10,2380.70],
  [1973.60,2380.70],
  [1999.00,2380.70],
  [2024.40,2380.70],
  [2075.20,2380.70],
  [2176.80,2380.70],
  [1618.00,2361.70],
  [1681.50,2355.30],
  [1783.10,2355.30],
  [2075.20,2355.30],
  [2176.80,2355.30],
  [2176.80,2329.90],
  [2075.20,2329.90],
  [2024.40,2329.90],
  [1999.00,2329.90],
  [1973.60,2329.90],
  [1783.10,2329.90],
  [1681.50,2329.90],
  [1618.00,2310.90],
  [1681.50,2304.50],
  [1783.10,2304.50],
  [2075.20,2304.50],
  [2176.80,2304.50],
  [1643.40,2285.50],
  [1681.50,2279.10],
  [1783.10,2279.10],
  [1878.30,2279.10],
  [1903.70,2279.10],
  [1929.10,2279.10],
  [2075.20,2279.10],
  [2176.80,2279.10],
  [1618.00,2260.10],
  [1681.50,2253.70],
  [1783.10,2253.70],
  [1821.20,2253.70],
  [1922.80,2253.70],
  [1973.60,2253.70],
  [1999.00,2253.70],
  [2024.40,2253.70],
  [2075.20,2253.70],
  [2176.80,2253.70],
  [2176.80,2228.30],
  [2075.20,2228.30],
  [2024.40,2228.30],
  [1999.00,2228.30],
  [1973.60,2228.30],
  [1922.80,2228.30],
  [1821.20,2228.30],
  [1783.10,2228.30],
  [1757.70,2228.30],
  [1732.30,2228.30],
  [1706.90,2228.30],
  [1681.50,2228.30],
  [1656.10,2228.30],
  [1618.00,2209.30],
  [1821.20,2202.90],
  [1922.80,2202.90],
  [2075.20,2202.90],
  [2176.80,2202.90],
  [1643.40,2183.90],
  [1681.50,2177.50],
  [1783.10,2177.50],
  [1821.20,2177.50],
  [1922.80,2177.50],
  [2075.20,2177.50],
  [2176.80,2177.50],
  [1618.00,2158.50],
  [1681.50,2152.10],
  [1783.10,2152.10],
  [1821.20,2152.10],
  [1922.80,2152.10],
  [1973.60,2152.10],
  [1999.00,2152.10],
  [2024.40,2152.10],
  [2075.20,2152.10],
  [2176.80,2152.10],
  [2113.30,1948.90],
  [2138.70,1948.90],
  [1935.50,1745.70],
  [1910.10,1745.70],
  [1884.70,1745.70],
  [1859.30,1745.70],
  [1833.90,1745.70],
  [1808.50,1745.70],
  [1783.10,1745.70],
  [1757.70,1745.70],
  [1732.30,1745.70],
  [1706.90,1745.70],
  [1681.50,1745.70],
  [1656.10,1745.70],
  [1630.70,1745.70],
  [1605.30,1745.70],
  [1579.90,1745.70],
  [1973.60,1733.00],
  [1999.00,1733.00],
  [2024.40,1733.00],
  [2075.20,1733.00],
  [2176.80,1733.00],
  [2176.80,1707.60],
  [2075.20,1707.60],
  [1922.80,1701.30],
  [1821.20,1701.30],
  [1618.00,1688.60],
  [1681.50,1682.20],
  [1783.10,1682.20],
  [2075.20,1682.20],
  [2176.80,1682.20],
  [1922.80,1675.90],
  [1821.20,1675.90],
  [1643.40,1663.20],
  [1681.50,1656.80],
  [1783.10,1656.80],
  [1973.60,1656.80],
  [1999.00,1656.80],
  [2024.40,1656.80],
  [2075.20,1656.80],
  [2176.80,1656.80],
  [1948.20,1637.80],
  [1872.00,1637.80],
  [1618.00,1637.80],
  [1681.50,1631.40],
  [1783.10,1631.40],
  [1973.60,1631.40],
  [1999.00,1631.40],
  [2024.40,1631.40],
  [2075.20,1631.40],
  [2176.80,1631.40],
  [2176.80,1606.00],
  [2075.20,1606.00],
  [1783.10,1606.00],
  [1681.50,1606.00],
  [1618.00,1587.00],
  [1872.00,1587.00],
  [1948.20,1587.00],
  [2176.80,1580.60],
  [2075.20,1580.60],
  [1783.10,1580.60],
  [1681.50,1580.60],
  [1643.40,1561.60],
  [1681.50,1555.20],
  [1783.10,1555.20],
  [1872.00,1555.20],
  [1903.70,1555.20],
  [1929.10,1555.20],
  [1973.60,1555.20],
  [1999.00,1555.20],
  [2024.40,1555.20],
  [2075.20,1555.20],
  [2176.80,1555.20],
  [1618.00,1536.20],
  [1681.50,1529.80],
  [1783.10,1529.80],
  [2075.20,1529.80],
  [2176.80,1529.80],
  [2176.80,1504.40],
  [2075.20,1504.40],
  [2024.40,1504.40],
  [1999.00,1504.40],
  [1973.60,1504.40],
  [1783.10,1504.40],
  [1681.50,1504.40],
  [1618.00,1485.40],
  [1681.50,1479.00],
  [1783.10,1479.00],
  [2075.20,1479.00],
  [2176.80,1479.00],
  [1643.40,1460.00],
  [1681.50,1453.60],
  [1783.10,1453.60],
  [1872.00,1453.60],
  [1903.70,1453.60],
  [1929.10,1453.60],
  [2075.20,1453.60],
  [2176.80,1453.60],
  [1618.00,1434.60],
  [1681.50,1428.20],
  [1783.10,1428.20],
  [1821.20,1428.20],
  [1922.80,1428.20],
  [1973.60,1428.20],
  [1999.00,1428.20],
  [2024.40,1428.20],
  [2075.20,1428.20],
  [2176.80,1428.20],
  [2176.80,1402.80],
  [2075.20,1402.80],
  [2024.40,1402.80],
  [1999.00,1402.80],
  [1973.60,1402.80],
  [1922.80,1402.80],
  [1821.20,1402.80],
  [1783.10,1402.80],
  [1757.70,1402.80],
  [1732.30,1402.80],
  [1706.90,1402.80],
  [1681.50,1402.80],
  [1656.10,1402.80],
  [1618.00,1383.80],
  [1821.20,1377.40],
  [1922.80,1377.40],
  [1643.40,1358.40],
  [1681.50,1352.00],
  [1783.10,1352.00],
  [1821.20,1352.00],
  [1922.80,1352.00],
  [2113.30,1352.00],
  [2138.70,1352.00],
  [1618.00,1333.00],
  [1681.50,1326.60],
  [1783.10,1326.60],
  [1821.20,1326.60],
  [1922.80,1326.60],
  [1973.60,1326.60],
  [1999.00,1326.60],
  [2024.40,1326.60],
  [1935.50,1288.50],
  [1910.10,1288.50],
  [1884.70,1288.50],
  [1859.30,1288.50],
  [1833.90,1288.50],
  [1808.50,1288.50],
  [1783.10,1288.50],
  [1757.70,1288.50],
  [1732.30,1288.50],
  [1706.90,1288.50],
  [1681.50,1288.50],
  [1656.10,1288.50],
  [1630.70,1288.50],
  [1605.30,1288.50],
  [1579.90,1288.50],
  [1973.60,1275.80],
  [1999.00,1275.80],
  [2024.40,1275.80],
  [2075.20,1275.80],
  [2176.80,1275.80],
  [2176.80,1250.40],
  [2075.20,1250.40],
  [1922.80,1244.10],
  [1821.20,1244.10],
  [1618.00,1231.40],
  [1681.50,1225.00],
  [1783.10,1225.00],
  [2075.20,1225.00],
  [2176.80,1225.00],
  [1922.80,1218.70],
  [1821.20,1218.70],
  [1643.40,1206.00],
  [1681.50,1199.60],
  [1783.10,1199.60],
  [1973.60,1199.60],
  [1999.00,1199.60],
  [2024.40,1199.60],
  [2075.20,1199.60],
  [2176.80,1199.60],
  [1948.20,1180.60],
  [1872.00,1180.60],
  [1618.00,1180.60],
  [1681.50,1174.20],
  [1783.10,1174.20],
  [1973.60,1174.20],
  [1999.00,1174.20],
  [2024.40,1174.20],
  [2075.20,1174.20],
  [2176.80,1174.20],
  [2176.80,1148.80],
  [2075.20,1148.80],
  [1783.10,1148.80],
  [1681.50,1148.80],
  [1618.00,1129.80],
  [1872.00,1129.80],
  [1948.20,1129.80],
  [2176.80,1123.40],
  [2075.20,1123.40],
  [1783.10,1123.40],
  [1681.50,1123.40],
  [1643.40,1104.40],
  [1681.50,1098.00],
  [1783.10,1098.00],
  [1878.30,1098.00],
  [1903.70,1098.00],
  [1929.10,1098.00],
  [1973.60,1098.00],
  [1999.00,1098.00],
  [2024.40,1098.00],
  [2075.20,1098.00],
  [2176.80,1098.00],
  [1618.00,1079.00],
  [1681.50,1072.60],
  [1783.10,1072.60],
  [2075.20,1072.60],
  [2176.80,1072.60],
  [2176.80,1047.20],
  [2075.20,1047.20],
  [2024.40,1047.20],
  [1999.00,1047.20],
  [1973.60,1047.20],
  [1783.10,1047.20],
  [1681.50,1047.20],
  [1618.00,1028.20],
  [1681.50,1021.80],
  [1783.10,1021.80],
  [2075.20,1021.80],
  [2176.80,1021.80],
  [1643.40,1002.80],
  [1681.50,996.40],
  [1783.10,996.40],
  [1878.30,996.40],
  [1903.70,996.40],
  [1929.10,996.40],
  [2075.20,996.40],
  [2176.80,996.40],
  [1618.00,977.40],
  [1681.50,971.00],
  [1783.10,971.00],
  [1821.20,971.00],
  [1922.80,971.00],
  [1973.60,971.00],
  [1999.00,971.00],
  [2024.40,971.00],
  [2075.20,971.00],
  [2176.80,971.00],
  [2176.80,945.60],
  [2075.20,945.60],
  [2024.40,945.60],
  [1999.00,945.60],
  [1973.60,945.60],
  [1922.80,945.60],
  [1821.20,945.60],
  [1783.10,945.60],
  [1757.70,945.60],
  [1732.30,945.60],
  [1706.90,945.60],
  [1681.50,945.60],
  [1656.10,945.60],
  [1618.00,926.60],
  [1821.20,920.20],
  [1922.80,920.20],
  [1643.40,901.20],
  [1681.50,894.80],
  [1783.10,894.80],
  [1821.20,894.80],
  [1922.80,894.80],
  [1618.00,875.80],
  [1681.50,869.40],
  [1783.10,869.40],
  [1821.20,869.40],
  [1922.80,869.40],
  [1973.60,869.40],
  [1999.00,869.40],
  [2024.40,869.40],
  [2449.80,2037.80],
  [2475.20,2037.80],
  [2500.60,2037.80],
  [2526.00,2037.80],
  [2551.40,2037.80],
  [2576.80,2037.80],
  [2602.20,2037.80],
  [2627.60,2037.80],
  [2672.10,2037.80],
  [2697.50,2037.80],
  [2722.90,2037.80],
  [2748.30,2037.80],
  [2773.70,2037.80],
  [2799.10,2037.80],
  [2824.50,2037.80],
  [2849.90,2037.80],
  [2926.10,2075.90],
  [3002.30,2075.90],
  [3053.10,2075.90],
  [3103.90,2075.90],
  [3167.40,2075.90],
  [3243.60,2075.90],
  [3294.40,2075.90],
  [3345.20,2075.90],
  [3383.30,2088.60],
  [3459.50,2088.60],
  [3497.60,2088.60],
  [3599.20,2088.60],
  [3650.00,2088.60],
  [3675.40,2088.60],
  [3700.80,2088.60],
  [2849.90,2114.00],
  [2824.50,2114.00],
  [2799.10,2114.00],
  [2773.70,2114.00],
  [2748.30,2114.00],
  [2722.90,2114.00],
  [2697.50,2114.00],
  [2672.10,2114.00],
  [2627.60,2114.00],
  [2602.20,2114.00],
  [2576.80,2114.00],
  [2551.40,2114.00],
  [2526.00,2114.00],
  [2500.60,2114.00],
  [2475.20,2114.00],
  [2449.80,2114.00],
  [3497.60,2126.70],
  [3599.20,2126.70],
  [3459.50,2139.40],
  [3383.30,2139.40],
  [3345.20,2152.10],
  [3294.40,2152.10],
  [3243.60,2152.10],
  [3167.40,2152.10],
  [3103.90,2152.10],
  [3053.10,2152.10],
  [3002.30,2152.10],
  [2926.10,2152.10],
  [2875.30,2152.10],
  [2849.90,2152.10],
  [2824.50,2152.10],
  [2773.70,2152.10],
  [2672.10,2152.10],
  [2634.00,2152.10],
  [2532.40,2152.10],
  [2468.90,2158.50],
  [2532.40,2177.50],
  [2634.00,2177.50],
  [2672.10,2177.50],
  [2773.70,2177.50],
  [2494.30,2183.90],
  [2672.10,2202.90],
  [2773.70,2202.90],
  [2926.10,2202.90],
  [3002.30,2202.90],
  [3053.10,2202.90],
  [3103.90,2202.90],
  [3167.40,2202.90],
  [3243.60,2202.90],
  [3294.40,2202.90],
  [3345.20,2202.90],
  [2468.90,2209.30],
  [3383.30,2215.60],
  [3459.50,2215.60],
  [3497.60,2215.60],
  [3599.20,2215.60],
  [3675.40,2215.60],
  [3726.20,2215.60],
  [2875.30,2228.30],
  [2849.90,2228.30],
  [2824.50,2228.30],
  [2773.70,2228.30],
  [2672.10,2228.30],
  [2634.00,2228.30],
  [2608.60,2228.30],
  [2583.20,2228.30],
  [2557.80,2228.30],
  [2532.40,2228.30],
  [2507.00,2228.30],
  [3675.40,2241.00],
  [3726.20,2241.00],
  [3599.20,2253.70],
  [3497.60,2253.70],
  [2875.30,2253.70],
  [2849.90,2253.70],
  [2824.50,2253.70],
  [2773.70,2253.70],
  [2672.10,2253.70],
  [2634.00,2253.70],
  [2532.40,2253.70],
  [2468.90,2260.10],
  [3383.30,2266.40],
  [3459.50,2266.40],
  [3675.40,2266.40],
  [3726.20,2266.40],
  [3345.20,2279.10],
  [3294.40,2279.10],
  [3243.60,2279.10],
  [3167.40,2279.10],
  [3103.90,2279.10],
  [3053.10,2279.10],
  [3002.30,2279.10],
  [2926.10,2279.10],
  [2780.00,2279.10],
  [2754.60,2279.10],
  [2729.20,2279.10],
  [2634.00,2279.10],
  [2532.40,2279.10],
  [2494.30,2285.50],
  [3675.40,2291.80],
  [3726.20,2291.80],
  [2634.00,2304.50],
  [2532.40,2304.50],
  [2468.90,2310.90],
  [3675.40,2317.20],
  [3726.20,2317.20],
  [3345.20,2329.90],
  [3294.40,2329.90],
  [3243.60,2329.90],
  [3167.40,2329.90],
  [3103.90,2329.90],
  [3053.10,2329.90],
  [3002.30,2329.90],
  [2926.10,2329.90],
  [2875.30,2329.90],
  [2849.90,2329.90],
  [2824.50,2329.90],
  [2634.00,2329.90],
  [2532.40,2329.90],
  [3383.30,2342.60],
  [3459.50,2342.60],
  [3497.60,2342.60],
  [3599.20,2342.60],
  [3675.40,2342.60],
  [3726.20,2342.60],
  [2634.00,2355.30],
  [2532.40,2355.30],
  [2468.90,2361.70],
  [3675.40,2368.00],
  [3726.20,2368.00],
  [3599.20,2380.70],
  [3497.60,2380.70],
  [2875.30,2380.70],
  [2849.90,2380.70],
  [2824.50,2380.70],
  [2780.00,2380.70],
  [2754.60,2380.70],
  [2729.20,2380.70],
  [2634.00,2380.70],
  [2532.40,2380.70],
  [2494.30,2387.10],
  [3383.30,2393.40],
  [3459.50,2393.40],
  [3675.40,2393.40],
  [3726.20,2393.40],
  [3345.20,2406.10],
  [3294.40,2406.10],
  [3243.60,2406.10],
  [3167.40,2406.10],
  [3103.90,2406.10],
  [3053.10,2406.10],
  [3002.30,2406.10],
  [2926.10,2406.10],
  [2634.00,2406.10],
  [2532.40,2406.10],
  [2468.90,2412.50],
  [2722.90,2412.50],
  [2799.10,2412.50],
  [3675.40,2418.80],
  [3726.20,2418.80],
  [2634.00,2431.50],
  [2532.40,2431.50],
  [3675.40,2444.20],
  [3726.20,2444.20],
  [3345.20,2456.90],
  [3294.40,2456.90],
  [3243.60,2456.90],
  [3167.40,2456.90],
  [3103.90,2456.90],
  [3053.10,2456.90],
  [3002.30,2456.90],
  [2926.10,2456.90],
  [2875.30,2456.90],
  [2849.90,2456.90],
  [2824.50,2456.90],
  [2634.00,2456.90],
  [2532.40,2456.90],
  [2468.90,2463.30],
  [2722.90,2463.30],
  [2799.10,2463.30],
  [3383.30,2469.60],
  [3459.50,2469.60],
  [3497.60,2469.60],
  [3599.20,2469.60],
  [3675.40,2469.60],
  [3726.20,2469.60],
  [2875.30,2482.30],
  [2849.90,2482.30],
  [2824.50,2482.30],
  [2634.00,2482.30],
  [2532.40,2482.30],
  [2494.30,2488.70],
  [3675.40,2495.00],
  [3726.20,2495.00],
  [2773.70,2501.40],
  [2672.10,2501.40],
  [2532.40,2507.70],
  [2634.00,2507.70],
  [3497.60,2507.70],
  [3599.20,2507.70],
  [2468.90,2514.10],
  [3383.30,2520.40],
  [3459.50,2520.40],
  [3675.40,2520.40],
  [3726.20,2520.40],
  [2773.70,2526.80],
  [2672.10,2526.80],
  [2926.10,2533.10],
  [3002.30,2533.10],
  [3053.10,2533.10],
  [3103.90,2533.10],
  [3167.40,2533.10],
  [3243.60,2533.10],
  [3294.40,2533.10],
  [3345.20,2533.10],
  [3675.40,2545.80],
  [3726.20,2545.80],
  [2875.30,2558.50],
  [2849.90,2558.50],
  [2824.50,2558.50],
  [2430.80,2571.20],
  [2456.20,2571.20],
  [2481.60,2571.20],
  [2507.00,2571.20],
  [2532.40,2571.20],
  [2557.80,2571.20],
  [2583.20,2571.20],
  [2608.60,2571.20],
  [2634.00,2571.20],
  [2659.40,2571.20],
  [2684.80,2571.20],
  [2710.20,2571.20],
  [2735.60,2571.20],
  [2761.00,2571.20],
  [2786.40,2571.20],
  [3675.40,2571.20],
  [3726.20,2571.20],
  [3345.20,2583.90],
  [3294.40,2583.90],
  [3243.60,2583.90],
  [3167.40,2583.90],
  [3103.90,2583.90],
  [3053.10,2583.90],
  [3002.30,2583.90],
  [2926.10,2583.90],
  [3383.30,2596.60],
  [3459.50,2596.60],
  [3497.60,2596.60],
  [3599.20,2596.60],
  [3675.40,2596.60],
  [3726.20,2596.60],
  [2875.30,2609.30],
  [2849.90,2609.30],
  [2824.50,2609.30],
  [2773.70,2609.30],
  [2672.10,2609.30],
  [2634.00,2609.30],
  [2532.40,2609.30],
  [2468.90,2615.70],
  [3675.40,2622.00],
  [3726.20,2622.00],
  [3599.20,2634.70],
  [3497.60,2634.70],
  [2773.70,2634.70],
  [2672.10,2634.70],
  [2634.00,2634.70],
  [2532.40,2634.70],
  [2494.30,2641.10],
  [3383.30,2647.40],
  [3459.50,2647.40],
  [3675.40,2647.40],
  [3726.20,2647.40],
  [3345.20,2660.10],
  [3294.40,2660.10],
  [3243.60,2660.10],
  [3167.40,2660.10],
  [3103.90,2660.10],
  [3053.10,2660.10],
  [3002.30,2660.10],
  [2926.10,2660.10],
  [2773.70,2660.10],
  [2672.10,2660.10],
  [2468.90,2666.50],
  [3675.40,2672.80],
  [3726.20,2672.80],
  [2634.00,2679.20],
  [2608.60,2679.20],
  [2583.20,2679.20],
  [2507.00,2685.50],
  [2532.40,2685.50],
  [2557.80,2685.50],
  [2672.10,2685.50],
  [2773.70,2685.50],
  [2824.50,2685.50],
  [2849.90,2685.50],
  [2875.30,2685.50],
  [3675.40,2698.20],
  [3726.20,2698.20],
  [3345.20,2710.90],
  [3294.40,2710.90],
  [3243.60,2710.90],
  [3167.40,2710.90],
  [3103.90,2710.90],
  [3053.10,2710.90],
  [3002.30,2710.90],
  [2926.10,2710.90],
  [2875.30,2710.90],
  [2849.90,2710.90],
  [2824.50,2710.90],
  [2773.70,2710.90],
  [2672.10,2710.90],
  [2634.00,2710.90],
  [2532.40,2710.90],
  [2468.90,2717.30],
  [3383.30,2723.60],
  [3459.50,2723.60],
  [3497.60,2723.60],
  [3599.20,2723.60],
  [3675.40,2723.60],
  [3726.20,2723.60],
  [2780.00,2736.30],
  [2754.60,2736.30],
  [2729.20,2736.30],
  [2634.00,2736.30],
  [2532.40,2736.30],
  [2494.30,2742.70],
  [3675.40,2749.00],
  [3726.20,2749.00],
  [3599.20,2761.70],
  [3497.60,2761.70],
  [2634.00,2761.70],
  [2532.40,2761.70],
  [2468.90,2768.10],
  [3383.30,2774.40],
  [3459.50,2774.40],
  [3675.40,2774.40],
  [3726.20,2774.40],
  [3345.20,2787.10],
  [3294.40,2787.10],
  [3243.60,2787.10],
  [3167.40,2787.10],
  [3103.90,2787.10],
  [3053.10,2787.10],
  [3002.30,2787.10],
  [2926.10,2787.10],
  [2875.30,2787.10],
  [2849.90,2787.10],
  [2824.50,2787.10],
  [2634.00,2787.10],
  [2532.40,2787.10],
  [3675.40,2799.80],
  [3726.20,2799.80],
  [2634.00,2812.50],
  [2532.40,2812.50],
  [2468.90,2818.90],
  [3675.40,2825.20],
  [3726.20,2825.20],
  [3345.20,2837.90],
  [3294.40,2837.90],
  [3243.60,2837.90],
  [3167.40,2837.90],
  [3103.90,2837.90],
  [3053.10,2837.90],
  [3002.30,2837.90],
  [2926.10,2837.90],
  [2875.30,2837.90],
  [2849.90,2837.90],
  [2824.50,2837.90],
  [2780.00,2837.90],
  [2754.60,2837.90],
  [2729.20,2837.90],
  [2634.00,2837.90],
  [2532.40,2837.90],
  [2494.30,2844.30],
  [3383.30,2850.60],
  [3459.50,2850.60],
  [3497.60,2850.60],
  [3599.20,2850.60],
  [3675.40,2850.60],
  [3726.20,2850.60],
  [2634.00,2863.30],
  [2532.40,2863.30],
  [2468.90,2869.70],
  [2722.90,2869.70],
  [2799.10,2869.70],
  [3675.40,2876.00],
  [3726.20,2876.00],
  [3599.20,2888.70],
  [3497.60,2888.70],
  [2634.00,2888.70],
  [2532.40,2888.70],
  [3383.30,2901.40],
  [3459.50,2901.40],
  [3675.40,2901.40],
  [3726.20,2901.40],
  [3345.20,2914.10],
  [3294.40,2914.10],
  [3243.60,2914.10],
  [3167.40,2914.10],
  [3103.90,2914.10],
  [3053.10,2914.10],
  [3002.30,2914.10],
  [2926.10,2914.10],
  [2875.30,2914.10],
  [2849.90,2914.10],
  [2824.50,2914.10],
  [2634.00,2914.10],
  [2532.40,2914.10],
  [2468.90,2920.50],
  [2722.90,2920.50],
  [2799.10,2920.50],
  [3675.40,2926.80],
  [3726.20,2926.80],
  [2875.30,2939.50],
  [2849.90,2939.50],
  [2824.50,2939.50],
  [2634.00,2939.50],
  [2532.40,2939.50],
  [2494.30,2945.90],
  [3675.40,2952.20],
  [3726.20,2952.20],
  [2773.70,2958.60],
  [2672.10,2958.60],
  [2532.40,2964.90],
  [2634.00,2964.90],
  [2926.10,2964.90],
  [3002.30,2964.90],
  [3053.10,2964.90],
  [3103.90,2964.90],
  [3167.40,2964.90],
  [3243.60,2964.90],
  [3294.40,2964.90],
  [3345.20,2964.90],
  [2468.90,2971.30],
  [3383.30,2977.60],
  [3459.50,2977.60],
  [3497.60,2977.60],
  [3599.20,2977.60],
  [3675.40,2977.60],
  [3726.20,2977.60],
  [2773.70,2984.00],
  [2672.10,2984.00],
  [3675.40,3003.00],
  [3726.20,3003.00],
  [3599.20,3015.70],
  [3497.60,3015.70],
  [2875.30,3015.70],
  [2849.90,3015.70],
  [2824.50,3015.70],
  [2430.80,3028.40],
  [2456.20,3028.40],
  [2481.60,3028.40],
  [2507.00,3028.40],
  [2532.40,3028.40],
  [2557.80,3028.40],
  [2583.20,3028.40],
  [2608.60,3028.40],
  [2634.00,3028.40],
  [2659.40,3028.40],
  [2684.80,3028.40],
  [2710.20,3028.40],
  [2735.60,3028.40],
  [2761.00,3028.40],
  [2786.40,3028.40],
  [3383.30,3028.40],
  [3459.50,3028.40],
  [3345.20,3041.10],
  [3294.40,3041.10],
  [3243.60,3041.10],
  [3167.40,3041.10],
  [3103.90,3041.10],
  [3053.10,3041.10],
  [3002.30,3041.10],
  [2926.10,3041.10],
  [3535.70,3066.50],
  [3561.10,3066.50],
  [3586.50,3066.50],
  [3586.50,2012.40],
  [3535.70,2012.40],
  [3484.90,2012.40],
  [3408.70,2012.40],
  [3345.20,2012.40],
  [3294.40,2012.40],
  [3243.60,2012.40],
  [3167.40,2012.40],
  [3103.90,2012.40],
  [3053.10,2012.40],
  [3002.30,2012.40],
  [2926.10,2012.40],
  [2926.10,1936.20],
  [3002.30,1936.20],
  [3053.10,1936.20],
  [3103.90,1936.20],
  [3167.40,1936.20],
  [3243.60,1936.20],
  [3294.40,1936.20],
  [3345.20,1936.20],
  [3408.70,1936.20],
  [3484.90,1936.20],
  [3535.70,1936.20],
  [3586.50,1936.20],
  [3446.80,1796.50],
  [3421.40,1796.50],
  [3396.00,1796.50],
  [2786.40,1745.70],
  [2761.00,1745.70],
  [2735.60,1745.70],
  [2710.20,1745.70],
  [2684.80,1745.70],
  [2659.40,1745.70],
  [2634.00,1745.70],
  [2608.60,1745.70],
  [2583.20,1745.70],
  [2557.80,1745.70],
  [2532.40,1745.70],
  [2507.00,1745.70],
  [2481.60,1745.70],
  [2456.20,1745.70],
  [2430.80,1745.70],
  [2824.50,1733.00],
  [2849.90,1733.00],
  [2875.30,1733.00],
  [2773.70,1701.30],
  [2672.10,1701.30],
  [2468.90,1688.60],
  [2532.40,1682.20],
  [2634.00,1682.20],
  [3249.90,1682.20],
  [3351.50,1682.20],
  [2773.70,1675.90],
  [2672.10,1675.90],
  [2494.30,1663.20],
  [2532.40,1656.80],
  [2634.00,1656.80],
  [2824.50,1656.80],
  [2849.90,1656.80],
  [2875.30,1656.80],
  [3249.90,1656.80],
  [3351.50,1656.80],
  [2799.10,1637.80],
  [2722.90,1637.80],
  [2468.90,1637.80],
  [2532.40,1631.40],
  [2634.00,1631.40],
  [2824.50,1631.40],
  [2849.90,1631.40],
  [2875.30,1631.40],
  [3249.90,1631.40],
  [3351.50,1631.40],
  [3351.50,1606.00],
  [3249.90,1606.00],
  [2634.00,1606.00],
  [2532.40,1606.00],
  [2468.90,1587.00],
  [2722.90,1587.00],
  [2799.10,1587.00],
  [2532.40,1580.60],
  [2634.00,1580.60],
  [3249.90,1580.60],
  [3351.50,1580.60],
  [2494.30,1561.60],
  [2532.40,1555.20],
  [2634.00,1555.20],
  [2729.20,1555.20],
  [2754.60,1555.20],
  [2780.00,1555.20],
  [2824.50,1555.20],
  [2849.90,1555.20],
  [2875.30,1555.20],
  [2468.90,1536.20],
  [2532.40,1529.80],
  [2634.00,1529.80],
  [2532.40,1504.40],
  [2634.00,1504.40],
  [2824.50,1504.40],
  [2849.90,1504.40],
  [2875.30,1504.40],
  [2468.90,1485.40],
  [2532.40,1479.00],
  [2634.00,1479.00],
  [2964.20,1479.00],
  [2494.30,1460.00],
  [2532.40,1453.60],
  [2634.00,1453.60],
  [2729.20,1453.60],
  [2754.60,1453.60],
  [2780.00,1453.60],
  [2468.90,1434.60],
  [2532.40,1428.20],
  [2634.00,1428.20],
  [2672.10,1428.20],
  [2773.70,1428.20],
  [2824.50,1428.20],
  [2849.90,1428.20],
  [2875.30,1428.20],
  [2875.30,1402.80],
  [2849.90,1402.80],
  [2824.50,1402.80],
  [2773.70,1402.80],
  [2672.10,1402.80],
  [2634.00,1402.80],
  [2608.60,1402.80],
  [2583.20,1402.80],
  [2557.80,1402.80],
  [2532.40,1402.80],
  [2507.00,1402.80],
  [2468.90,1383.80],
  [2672.10,1377.40],
  [2773.70,1377.40],
  [2964.20,1377.40],
  [2494.30,1358.40],
  [2532.40,1352.00],
  [2634.00,1352.00],
  [2672.10,1352.00],
  [2773.70,1352.00],
  [2468.90,1333.00],
  [2532.40,1326.60],
  [2634.00,1326.60],
  [2672.10,1326.60],
  [2773.70,1326.60],
  [2824.50,1326.60],
  [2849.90,1326.60],
  [2875.30,1326.60],
  [2786.40,1288.50],
  [2761.00,1288.50],
  [2735.60,1288.50],
  [2710.20,1288.50],
  [2684.80,1288.50],
  [2659.40,1288.50],
  [2634.00,1288.50],
  [2608.60,1288.50],
  [2583.20,1288.50],
  [2557.80,1288.50],
  [2532.40,1288.50],
  [2507.00,1288.50],
  [2481.60,1288.50],
  [2456.20,1288.50],
  [2430.80,1288.50],
  [2824.50,1275.80],
  [2849.90,1275.80],
  [2875.30,1275.80],
  [2773.70,1244.10],
  [2672.10,1244.10],
  [2468.90,1231.40],
  [2532.40,1225.00],
  [2634.00,1225.00],
  [2672.10,1218.70],
  [2773.70,1218.70],
  [2494.30,1206.00],
  [2532.40,1199.60],
  [2634.00,1199.60],
  [2824.50,1199.60],
  [2849.90,1199.60],
  [2875.30,1199.60],
  [2799.10,1180.60],
  [2722.90,1180.60],
  [2468.90,1180.60],
  [2532.40,1174.20],
  [2634.00,1174.20],
  [2824.50,1174.20],
  [2849.90,1174.20],
  [2875.30,1174.20],
  [2634.00,1148.80],
  [2532.40,1148.80],
  [2468.90,1129.80],
  [2722.90,1129.80],
  [2799.10,1129.80],
  [2634.00,1123.40],
  [2532.40,1123.40],
  [2494.30,1104.40],
  [2532.40,1098.00],
  [2634.00,1098.00],
  [2729.20,1098.00],
  [2754.60,1098.00],
  [2780.00,1098.00],
  [2824.50,1098.00],
  [2849.90,1098.00],
  [2875.30,1098.00],
  [2468.90,1079.00],
  [2532.40,1072.60],
  [2634.00,1072.60],
  [2919.70,1066.30],
  [3021.30,1066.30],
  [3091.20,1066.30],
  [3192.80,1066.30],
  [3243.60,1066.30],
  [3345.20,1066.30],
  [2875.30,1047.20],
  [2849.90,1047.20],
  [2824.50,1047.20],
  [2634.00,1047.20],
  [2532.40,1047.20],
  [2919.70,1040.90],
  [3021.30,1040.90],
  [3091.20,1040.90],
  [3192.80,1040.90],
  [3243.60,1040.90],
  [3345.20,1040.90],
  [2468.90,1028.20],
  [2532.40,1021.80],
  [2634.00,1021.80],
  [2919.70,1015.50],
  [3021.30,1015.50],
  [3091.20,1015.50],
  [3192.80,1015.50],
  [3243.60,1015.50],
  [3345.20,1015.50],
  [2494.30,1002.80],
  [2532.40,996.40],
  [2634.00,996.40],
  [2729.20,996.40],
  [2754.60,996.40],
  [2780.00,996.40],
  [2919.70,990.10],
  [3021.30,990.10],
  [2468.90,977.40],
  [2532.40,971.00],
  [2634.00,971.00],
  [2672.10,971.00],
  [2773.70,971.00],
  [2824.50,971.00],
  [2849.90,971.00],
  [2875.30,971.00],
  [2875.30,945.60],
  [2849.90,945.60],
  [2824.50,945.60],
  [2773.70,945.60],
  [2672.10,945.60],
  [2634.00,945.60],
  [2608.60,945.60],
  [2583.20,945.60],
  [2557.80,945.60],
  [2532.40,945.60],
  [2507.00,945.60],
  [2468.90,926.60],
  [2672.10,920.20],
  [2773.70,920.20],
  [2494.30,901.20],
  [2532.40,894.80],
  [2634.00,894.80],
  [2672.10,894.80],
  [2773.70,894.80],
  [2468.90,875.80],
  [2532.40,869.40],
  [2634.00,869.40],
  [2672.10,869.40],
  [2773.70,869.40],
  [2824.50,869.40],
  [2849.90,869.40],
  [2875.30,869.40],
  [3091.20,958.30],
  [3116.60,958.30],
  [3142.00,958.30],
  [3167.40,958.30],
  [3192.80,958.30],
  [3218.20,958.30],
  [3243.60,958.30],
  [3269.00,958.30],
  [3294.40,958.30],
  [3319.80,958.30],
  [3319.80,882.10],
  [3294.40,882.10],
  [3269.00,882.10],
  [3243.60,882.10],
  [3218.20,882.10],
  [3192.80,882.10],
  [3167.40,882.10],
  [3142.00,882.10],
  [3116.60,882.10],
  [3091.20,882.10],
  [3116.60,844.00],
  [3218.20,844.00],
  [3535.70,831.30],
  [3561.10,831.30],
  [3586.50,831.30],
  [3650.00,882.10],
  [3675.40,882.10],
  [3726.20,882.10],
  [3726.20,907.50],
  [3675.40,907.50],
  [3650.00,907.50],
  [3650.00,932.90],
  [3675.40,932.90],
  [3726.20,932.90],
  [3726.20,958.30],
  [3675.40,958.30],
  [3650.00,958.30],
  [3650.00,983.70],
  [3675.40,983.70],
  [3726.20,983.70],
  [3726.20,1009.10],
  [3675.40,1009.10],
  [3650.00,1009.10],
  [3650.00,1034.50],
  [3675.40,1034.50],
  [3726.20,1034.50],
  [3726.20,1059.90],
  [3675.40,1059.90],
  [3650.00,1059.90],
  [3650.00,1085.30],
  [3675.40,1085.30],
  [3726.20,1085.30],
  [3726.20,1110.70],
  [3675.40,1110.70],
  [3650.00,1110.70],
  [3650.00,1136.10],
  [3675.40,1136.10],
  [3726.20,1136.10],
  [3726.20,1161.50],
  [3675.40,1161.50],
  [3650.00,1161.50],
  [3650.00,1186.90],
  [3675.40,1186.90],
  [3726.20,1186.90],
  [3586.50,1199.60],
  [3561.10,1199.60],
  [3650.00,1212.30],
  [3675.40,1212.30],
  [3726.20,1212.30],
  [3726.20,1237.70],
  [3675.40,1237.70],
  [3650.00,1237.70],
  [3650.00,1263.10],
  [3675.40,1263.10],
  [3726.20,1263.10],
  [3726.20,1288.50],
  [3675.40,1288.50],
  [3650.00,1288.50],
  [3586.50,1301.20],
  [3561.10,1301.20],
  [3650.00,1313.90],
  [3675.40,1313.90],
  [3726.20,1313.90],
  [3726.20,1339.30],
  [3675.40,1339.30],
  [3650.00,1339.30],
  [3650.00,1364.70],
  [3675.40,1364.70],
  [3726.20,1364.70],
  [3726.20,1390.10],
  [3675.40,1390.10],
  [3650.00,1390.10],
  [3650.00,1415.50],
  [3675.40,1415.50],
  [3726.20,1415.50],
  [3726.20,1440.90],
  [3675.40,1440.90],
  [3650.00,1440.90],
  [3650.00,1466.30],
  [3675.40,1466.30],
  [3726.20,1466.30],
  [3726.20,1491.70],
  [3675.40,1491.70],
  [3650.00,1491.70],
  [3650.00,1517.10],
  [3675.40,1517.10],
  [3726.20,1517.10],
  [3726.20,1542.50],
  [3675.40,1542.50],
  [3650.00,1542.50],
  [3573.80,1548.90],
  [3548.40,1548.90],
  [3650.00,1567.90],
  [3675.40,1567.90],
  [3726.20,1567.90],
  [3726.20,1593.30],
  [3675.40,1593.30],
  [3650.00,1593.30],
  [3650.00,1618.70],
  [3675.40,1618.70],
  [3726.20,1618.70],
  [3726.20,1644.10],
  [3675.40,1644.10],
  [3650.00,1644.10],
  [3726.20,1669.50],
  [3675.40,1669.50],
  [3650.00,1669.50],
  [3599.20,1669.50],
  [3497.60,1669.50],
  [3497.60,1694.90],
  [3599.20,1694.90],
  [3599.20,1720.30],
  [3497.60,1720.30]
]