[
  [0.00,0.00],
  [691.10,856.70],
  [741.90,856.70],
  [792.70,856.70],
  [868.90,863.10],
  [792.70,907.50],
  [691.10,907.50],
  [868.90,913.90],
  [792.70,958.30],
  [741.90,958.30],
  [691.10,958.30],
  [691.10,1618.70],
  [741.90,1618.70],
  [792.70,1618.70],
  [792.70,1669.50],
  [691.10,1669.50],
  [691.10,1720.30],
  [741.90,1720.30],
  [792.70,1720.30],
  [1097.50,2425.20],
  [907.00,2412.50],
  [830.80,2412.50],
  [1034.00,2387.10],
  [1059.40,2387.10],
  [856.20,2374.40],
  [830.80,2361.70],
  [856.20,2349.00],
  [830.80,2336.30],
  [983.20,2336.30],
  [1022.90,2336.30],
  [1062.50,2336.30],
  [1102.10,2336.30],
  [1141.70,2336.30],
  [1181.40,2336.30],
  [1221.00,2336.30],
  [1260.60,2336.30],
  [1300.20,2336.30],
  [1339.90,2336.30],
  [1379.50,2336.30],
  [1419.10,2336.30],
  [1458.70,2336.30],
  [1498.40,2336.30],
  [1538.00,2336.30],
  [1577.60,2336.30],
  [1617.20,2336.30],
  [1656.90,2336.30],
  [1696.50,2336.30],
  [1736.10,2336.30],
  [1775.70,2336.30],
  [1815.40,2336.30],
  [1855.00,2336.30],
  [1894.60,2336.30],
  [1934.20,2336.30],
  [1973.80,2336.30],
  [2013.50,2336.30],
  [2053.10,2336.30],
  [2092.70,2336.30],
  [2132.30,2336.30],
  [2172.00,2336.30],
  [2211.60,2336.30],
  [2251.20,2336.30],
  [2290.80,2336.30],
  [2330.50,2336.30],
  [2370.10,2336.30],
  [2409.70,2336.30],
  [2449.30,2336.30],
  [2489.00,2336.30],
  [2528.60,2336.30],
  [2568.20,2336.30],
  [2607.80,2336.30],
  [2647.50,2336.30],
  [856.20,2323.60],
  [856.20,2298.20],
  [983.20,2285.50],
  [1022.90,2285.50],
  [1062.50,2285.50],
  [1102.10,2285.50],
  [1141.70,2285.50],
  [1181.40,2285.50],
  [1221.00,2285.50],
  [1260.60,2285.50],
  [1300.20,2285.50],
  [1339.90,2285.50],
  [1379.50,2285.50],
  [1419.10,2285.50],
  [1458.70,2285.50],
  [1498.40,2285.50],
  [1538.00,2285.50],
  [1577.60,2285.50],
  [1617.20,2285.50],
  [1656.90,2285.50],
  [1696.50,2285.50],
  [1736.10,2285.50],
  [1775.70,2285.50],
  [1815.40,2285.50],
  [1855.00,2285.50],
  [1894.60,2285.50],
  [1934.20,2285.50],
  [1973.80,2285.50],
  [2013.50,2285.50],
  [2053.10,2285.50],
  [2092.70,2285.50],
  [2132.30,2285.50],
  [2172.00,2285.50],
  [2211.60,2285.50],
  [2251.20,2285.50],
  [2290.80,2285.50],
  [2330.50,2285.50],
  [2370.10,2285.50],
  [2409.70,2285.50],
  [2449.30,2285.50],
  [2489.00,2285.50],
  [2528.60,2285.50],
  [2568.20,2285.50],
  [2607.80,2285.50],
  [2647.50,2285.50],
  [1059.40,2234.70],
  [1034.00,2234.70],
  [1034.00,2183.90],
  [1059.40,2183.90],
  [983.20,2133.10],
  [1022.90,2133.10],
  [1062.50,2133.10],
  [1102.10,2133.10],
  [1141.70,2133.10],
  [1181.40,2133.10],
  [1221.00,2133.10],
  [1260.60,2133.10],
  [1300.20,2133.10],
  [1339.90,2133.10],
  [1379.50,2133.10],
  [1419.10,2133.10],
  [1458.70,2133.10],
  [1498.40,2133.10],
  [1538.00,2133.10],
  [1577.60,2133.10],
  [1617.20,2133.10],
  [1656.90,2133.10],
  [1696.50,2133.10],
  [1736.10,2133.10],
  [1775.70,2133.10],
  [1815.40,2133.10],
  [1855.00,2133.10],
  [1894.60,2133.10],
  [1934.20,2133.10],
  [1973.80,2133.10],
  [2013.50,2133.10],
  [2053.10,2133.10],
  [2092.70,2133.10],
  [2132.30,2133.10],
  [2172.00,2133.10],
  [2211.60,2133.10],
  [2251.20,2133.10],
  [2290.80,2133.10],
  [2330.50,2133.10],
  [2370.10,2133.10],
  [2409.70,2133.10],
  [2449.30,2133.10],
  [2489.00,2133.10],
  [2528.60,2133.10],
  [2568.20,2133.10],
  [2607.80,2133.10],
  [2647.50,2133.10],
  [2647.50,2082.30],
  [2607.80,2082.30],
  [2568.20,2082.30],
  [2528.60,2082.30],
  [2489.00,2082.30],
  [2449.30,2082.30],
  [2409.70,2082.30],
  [2370.10,2082.30],
  [2330.50,2082.30],
  [2290.80,2082.30],
  [2251.20,2082.30],
  [2211.60,2082.30],
  [2172.00,2082.30],
  [2132.30,2082.30],
  [2092.70,2082.30],
  [2053.10,2082.30],
  [2013.50,2082.30],
  [1973.80,2082.30],
  [1934.20,2082.30],
  [1894.60,2082.30],
  [1855.00,2082.30],
  [1815.40,2082.30],
  [1775.70,2082.30],
  [1736.10,2082.30],
  [1696.50,2082.30],
  [1656.90,2082.30],
  [1617.20,2082.30],
  [1577.60,2082.30],
  [1538.00,2082.30],
  [1498.40,2082.30],
  [1458.70,2082.30],
  [1419.10,2082.30],
  [1379.50,2082.30],
  [1339.90,2082.30],
  [1300.20,2082.30],
  [1260.60,2082.30],
  [1221.00,2082.30],
  [1181.40,2082.30],
  [1141.70,2082.30],
  [1102.10,2082.30],
  [1062.50,2082.30],
  [1022.90,2082.30],
  [983.20,2082.30],
  [1034.00,2031.50],
  [1059.40,2031.50],
  [881.60,1993.40],
  [1034.00,1980.70],
  [1059.40,1980.70],
  [881.60,1968.00],
  [856.20,1968.00],
  [843.50,1942.60],
  [881.60,1942.60],
  [983.20,1929.90],
  [1022.90,1929.90],
  [1062.50,1929.90],
  [1102.10,1929.90],
  [1141.70,1929.90],
  [1181.40,1929.90],
  [1221.00,1929.90],
  [1260.60,1929.90],
  [1300.20,1929.90],
  [1339.90,1929.90],
  [1379.50,1929.90],
  [1419.10,1929.90],
  [1458.70,1929.90],
  [1498.40,1929.90],
  [1538.00,1929.90],
  [1577.60,1929.90],
  [1617.20,1929.90],
  [1656.90,1929.90],
  [1696.50,1929.90],
  [1736.10,1929.90],
  [1775.70,1929.90],
  [1815.40,1929.90],
  [1855.00,1929.90],
  [1894.60,1929.90],
  [1934.20,1929.90],
  [1973.80,1929.90],
  [2013.50,1929.90],
  [2053.10,1929.90],
  [2092.70,1929.90],
  [2132.30,1929.90],
  [2172.00,1929.90],
  [2211.60,1929.90],
  [2251.20,1929.90],
  [2290.80,1929.90],
  [2330.50,1929.90],
  [2370.10,1929.90],
  [2409.70,1929.90],
  [2449.30,1929.90],
  [2489.00,1929.90],
  [2528.60,1929.90],
  [2568.20,1929.90],
  [2607.80,1929.90],
  [2647.50,1929.90],
  [881.60,1917.20],
  [830.80,1917.20],
  [818.10,1891.80],
  [881.60,1891.80],
  [983.20,1879.10],
  [1022.90,1879.10],
  [1062.50,1879.10],
  [1102.10,1879.10],
  [1141.70,1879.10],
  [1181.40,1879.10],
  [1221.00,1879.10],
  [1260.60,1879.10],
  [1300.20,1879.10],
  [1339.90,1879.10],
  [1379.50,1879.10],
  [1419.10,1879.10],
  [1458.70,1879.10],
  [1498.40,1879.10],
  [1538.00,1879.10],
  [1577.60,1879.10],
  [1617.20,1879.10],
  [1656.90,1879.10],
  [1696.50,1879.10],
  [1736.10,1879.10],
  [1775.70,1879.10],
  [1815.40,1879.10],
  [1855.00,1879.10],
  [1894.60,1879.10],
  [1934.20,1879.10],
  [1973.80,1879.10],
  [2013.50,1879.10],
  [2053.10,1879.10],
  [2092.70,1879.10],
  [2132.30,1879.10],
  [2172.00,1879.10],
  [2211.60,1879.10],
  [2251.20,1879.10],
  [2290.80,1879.10],
  [2330.50,1879.10],
  [2370.10,1879.10],
  [2409.70,1879.10],
  [2449.30,1879.10],
  [2489.00,1879.10],
  [2528.60,1879.10],
  [2568.20,1879.10],
  [2607.80,1879.10],
  [2647.50,1879.10],
  [881.60,1866.40],
  [881.60,1841.00],
  [1034.00,1828.30],
  [1059.40,1828.30],
  [881.60,1815.60],
  [881.60,1777.50],
  [1034.00,1777.50],
  [1059.40,1777.50],
  [983.20,1726.70],
  [1022.90,1726.70],
  [1062.50,1726.70],
  [1102.10,1726.70],
  [1141.70,1726.70],
  [1181.40,1726.70],
  [1221.00,1726.70],
  [1260.60,1726.70],
  [1300.20,1726.70],
  [1339.90,1726.70],
  [1379.50,1726.70],
  [1419.10,1726.70],
  [1458.70,1726.70],
  [1498.40,1726.70],
  [1538.00,1726.70],
  [1577.60,1726.70],
  [1617.20,1726.70],
  [1656.90,1726.70],
  [1696.50,1726.70],
  [1736.10,1726.70],
  [1775.70,1726.70],
  [1815.40,1726.70],
  [1855.00,1726.70],
  [1894.60,1726.70],
  [1934.20,1726.70],
  [1973.80,1726.70],
  [2013.50,1726.70],
  [2053.10,1726.70],
  [2092.70,1726.70],
  [2132.30,1726.70],
  [2172.00,1726.70],
  [2211.60,1726.70],
  [2251.20,1726.70],
  [2290.80,1726.70],
  [2330.50,1726.70],
  [2370.10,1726.70],
  [2409.70,1726.70],
  [2449.30,1726.70],
  [2489.00,1726.70],
  [2528.60,1726.70],
  [2568.20,1726.70],
  [2607.80,1726.70],
  [2647.50,1726.70],
  [881.60,1701.30],
  [983.20,1675.90],
  [1022.90,1675.90],
  [1062.50,1675.90],
  [1102.10,1675.90],
  [1141.70,1675.90],
  [1181.40,1675.90],
  [1221.00,1675.90],
  [1260.60,1675.90],
  [1300.20,1675.90],
  [1339.90,1675.90],
  [1379.50,1675.90],
  [1419.10,1675.90],
  [1458.70,1675.90],
  [1498.40,1675.90],
  [1538.00,1675.90],
  [1577.60,1675.90],
  [1617.20,1675.90],
  [1656.90,1675.90],
  [1696.50,1675.90],
  [1736.10,1675.90],
  [1775.70,1675.90],
  [1815.40,1675.90],
  [1855.00,1675.90],
  [1894.60,1675.90],
  [1934.20,1675.90],
  [1973.80,1675.90],
  [2013.50,1675.90],
  [2053.10,1675.90],
  [2092.70,1675.90],
  [2132.30,1675.90],
  [2172.00,1675.90],
  [2211.60,1675.90],
  [2251.20,1675.90],
  [2290.80,1675.90],
  [2330.50,1675.90],
  [2370.10,1675.90],
  [2409.70,1675.90],
  [2449.30,1675.90],
  [2489.00,1675.90],
  [2528.60,1675.90],
  [2568.20,1675.90],
  [2607.80,1675.90],
  [2647.50,1675.90],
  [868.90,1663.20],
  [1034.00,1625.10],
  [1059.40,1625.10],
  [1059.40,1574.30],
  [1034.00,1574.30],
  [983.20,1523.50],
  [1022.90,1523.50],
  [1062.50,1523.50],
  [1102.10,1523.50],
  [1141.70,1523.50],
  [1181.40,1523.50],
  [1221.00,1523.50],
  [1260.60,1523.50],
  [1300.20,1523.50],
  [1339.90,1523.50],
  [1379.50,1523.50],
  [1419.10,1523.50],
  [1458.70,1523.50],
  [1498.40,1523.50],
  [1538.00,1523.50],
  [1577.60,1523.50],
  [1617.20,1523.50],
  [1656.90,1523.50],
  [1696.50,1523.50],
  [1736.10,1523.50],
  [1775.70,1523.50],
  [1815.40,1523.50],
  [1855.00,1523.50],
  [1894.60,1523.50],
  [1934.20,1523.50],
  [1973.80,1523.50],
  [2013.50,1523.50],
  [2053.10,1523.50],
  [2092.70,1523.50],
  [2132.30,1523.50],
  [2172.00,1523.50],
  [2211.60,1523.50],
  [2251.20,1523.50],
  [2290.80,1523.50],
  [2330.50,1523.50],
  [2370.10,1523.50],
  [2409.70,1523.50],
  [2449.30,1523.50],
  [2489.00,1523.50],
  [2528.60,1523.50],
  [2568.20,1523.50],
  [2607.80,1523.50],
  [2647.50,1523.50],
  [868.90,1485.40],
  [983.20,1472.70],
  [1022.90,1472.70],
  [1062.50,1472.70],
  [1102.10,1472.70],
  [1141.70,1472.70],
  [1181.40,1472.70],
  [1221.00,1472.70],
  [1260.60,1472.70],
  [1300.20,1472.70],
  [1339.90,1472.70],
  [1379.50,1472.70],
  [1419.10,1472.70],
  [1458.70,1472.70],
  [1498.40,1472.70],
  [1538.00,1472.70],
  [1577.60,1472.70],
  [1617.20,1472.70],
  [1656.90,1472.70],
  [1696.50,1472.70],
  [1736.10,1472.70],
  [1775.70,1472.70],
  [1815.40,1472.70],
  [1855.00,1472.70],
  [1894.60,1472.70],
  [1934.20,1472.70],
  [1973.80,1472.70],
  [2013.50,1472.70],
  [2053.10,1472.70],
  [2092.70,1472.70],
  [2132.30,1472.70],
  [2172.00,1472.70],
  [2211.60,1472.70],
  [2251.20,1472.70],
  [2290.80,1472.70],
  [2330.50,1472.70],
  [2370.10,1472.70],
  [2409.70,1472.70],
  [2449.30,1472.70],
  [2489.00,1472.70],
  [2528.60,1472.70],
  [2568.20,1472.70],
  [2607.80,1472.70],
  [2647.50,1472.70],
  [1059.40,1421.90],
  [1034.00,1421.90],
  [856.20,1396.50],
  [830.80,1396.50],
  [1034.00,1371.10],
  [1059.40,1371.10],
  [907.00,1358.40],
  [830.80,1358.40],
  [830.80,1333.00],
  [907.00,1333.00],
  [983.20,1320.30],
  [1022.90,1320.30],
  [1062.50,1320.30],
  [1102.10,1320.30],
  [1141.70,1320.30],
  [1181.40,1320.30],
  [1221.00,1320.30],
  [1260.60,1320.30],
  [1300.20,1320.30],
  [1339.90,1320.30],
  [1379.50,1320.30],
  [1419.10,1320.30],
  [1458.70,1320.30],
  [1498.40,1320.30],
  [1538.00,1320.30],
  [1577.60,1320.30],
  [1617.20,1320.30],
  [1656.90,1320.30],
  [1696.50,1320.30],
  [1736.10,1320.30],
  [1775.70,1320.30],
  [1815.40,1320.30],
  [1855.00,1320.30],
  [1894.60,1320.30],
  [1934.20,1320.30],
  [1973.80,1320.30],
  [2013.50,1320.30],
  [2053.10,1320.30],
  [2092.70,1320.30],
  [2132.30,1320.30],
  [2172.00,1320.30],
  [2211.60,1320.30],
  [2251.20,1320.30],
  [2290.80,1320.30],
  [2330.50,1320.30],
  [2370.10,1320.30],
  [2409.70,1320.30],
  [2449.30,1320.30],
  [2489.00,1320.30],
  [2528.60,1320.30],
  [2568.20,1320.30],
  [2607.80,1320.30],
  [2647.50,1320.30],
  [907.00,1307.60],
  [830.80,1307.60],
  [830.80,1282.20],
  [907.00,1282.20],
  [983.20,1269.50],
  [1022.90,1269.50],
  [1062.50,1269.50],
  [1102.10,1269.50],
  [1141.70,1269.50],
  [1181.40,1269.50],
  [1221.00,1269.50],
  [1260.60,1269.50],
  [1300.20,1269.50],
  [1339.90,1269.50],
  [1379.50,1269.50],
  [1419.10,1269.50],
  [1458.70,1269.50],
  [1498.40,1269.50],
  [1538.00,1269.50],
  [1577.60,1269.50],
  [1617.20,1269.50],
  [1656.90,1269.50],
  [1696.50,1269.50],
  [1736.10,1269.50],
  [1775.70,1269.50],
  [1815.40,1269.50],
  [1855.00,1269.50],
  [1894.60,1269.50],
  [1934.20,1269.50],
  [1973.80,1269.50],
  [2013.50,1269.50],
  [2053.10,1269.50],
  [2092.70,1269.50],
  [2132.30,1269.50],
  [2172.00,1269.50],
  [2211.60,1269.50],
  [2251.20,1269.50],
  [2290.80,1269.50],
  [2330.50,1269.50],
  [2370.10,1269.50],
  [2409.70,1269.50],
  [2449.30,1269.50],
  [2489.00,1269.50],
  [2528.60,1269.50],
  [2568.20,1269.50],
  [2607.80,1269.50],
  [2647.50,1269.50],
  [907.00,1256.80],
  [830.80,1256.80],
  [830.80,1231.40],
  [907.00,1231.40],
  [1034.00,1218.70],
  [1059.40,1218.70],
  [907.00,1206.00],
  [830.80,1206.00],
  [830.80,1180.60],
  [907.00,1180.60],
  [1034.00,1167.90],
  [1059.40,1167.90],
  [856.20,1142.50],
  [830.80,1142.50],
  [983.20,1117.10],
  [1022.90,1117.10],
  [1062.50,1117.10],
  [1102.10,1117.10],
  [1141.70,1117.10],
  [1181.40,1117.10],
  [1221.00,1117.10],
  [1260.60,1117.10],
  [1300.20,1117.10],
  [1339.90,1117.10],
  [1379.50,1117.10],
  [1419.10,1117.10],
  [1458.70,1117.10],
  [1498.40,1117.10],
  [1538.00,1117.10],
  [1577.60,1117.10],
  [1617.20,1117.10],
  [1656.90,1117.10],
  [1696.50,1117.10],
  [1736.10,1117.10],
  [1775.70,1117.10],
  [1815.40,1117.10],
  [1855.00,1117.10],
  [1894.60,1117.10],
  [1934.20,1117.10],
  [1973.80,1117.10],
  [2013.50,1117.10],
  [2053.10,1117.10],
  [2092.70,1117.10],
  [2132.30,1117.10],
  [2172.00,1117.10],
  [2211.60,1117.10],
  [2251.20,1117.10],
  [2290.80,1117.10],
  [2330.50,1117.10],
  [2370.10,1117.10],
  [2409.70,1117.10],
  [2449.30,1117.10],
  [2489.00,1117.10],
  [2528.60,1117.10],
  [2568.20,1117.10],
  [2607.80,1117.10],
  [2647.50,1117.10],
  [907.00,1104.40],
  [830.80,1104.40],
  [830.80,1079.00],
  [868.90,1079.00],
  [907.00,1079.00],
  [983.20,1066.30],
  [1022.90,1066.30],
  [1062.50,1066.30],
  [1102.10,1066.30],
  [1141.70,1066.30],
  [1181.40,1066.30],
  [1221.00,1066.30],
  [1260.60,1066.30],
  [1300.20,1066.30],
  [1339.90,1066.30],
  [1379.50,1066.30],
  [1419.10,1066.30],
  [1458.70,1066.30],
  [1498.40,1066.30],
  [1538.00,1066.30],
  [1577.60,1066.30],
  [1617.20,1066.30],
  [1656.90,1066.30],
  [1696.50,1066.30],
  [1736.10,1066.30],
  [1775.70,1066.30],
  [1815.40,1066.30],
  [1855.00,1066.30],
  [1894.60,1066.30],
  [1934.20,1066.30],
  [1973.80,1066.30],
  [2013.50,1066.30],
  [2053.10,1066.30],
  [2092.70,1066.30],
  [2132.30,1066.30],
  [2172.00,1066.30],
  [2211.60,1066.30],
  [2251.20,1066.30],
  [2290.80,1066.30],
  [2330.50,1066.30],
  [2370.10,1066.30],
  [2409.70,1066.30],
  [2449.30,1066.30],
  [2489.00,1066.30],
  [2528.60,1066.30],
  [2568.20,1066.30],
  [2607.80,1066.30],
  [2647.50,1066.30],
  [907.00,1053.60],
  [868.90,1053.60],
  [830.80,1053.60],
  [830.80,1028.20],
  [868.90,1028.20],
  [907.00,1028.20],
  [1034.00,1015.50],
  [1059.40,1015.50],
  [907.00,1002.80],
  [830.80,1002.80],
  [1135.60,990.10],
  [907.00,977.40],
  [830.80,977.40],
  [1034.00,964.70],
  [1059.40,964.70],
  [907.00,952.00],
  [830.80,952.00],
  [830.80,926.60],
  [907.00,926.60],
  [983.20,913.90],
  [1022.90,913.90],
  [1062.50,913.90],
  [1102.10,913.90],
  [1141.70,913.90],
  [1181.40,913.90],
  [1221.00,913.90],
  [1260.60,913.90],
  [1300.20,913.90],
  [1339.90,913.90],
  [1379.50,913.90],
  [1419.10,913.90],
  [1458.70,913.90],
  [1498.40,913.90],
  [1538.00,913.90],
  [1577.60,913.90],
  [1617.20,913.90],
  [1656.90,913.90],
  [1696.50,913.90],
  [1736.10,913.90],
  [1775.70,913.90],
  [1815.40,913.90],
  [1855.00,913.90],
  [1894.60,913.90],
  [1934.20,913.90],
  [1973.80,913.90],
  [2013.50,913.90],
  [2053.10,913.90],
  [2092.70,913.90],
  [2132.30,913.90],
  [2172.00,913.90],
  [2211.60,913.90],
  [2251.20,913.90],
  [2290.80,913.90],
  [2330.50,913.90],
  [2370.10,913.90],
  [2409.70,913.90],
  [2449.30,913.90],
  [2489.00,913.90],
  [2528.60,913.90],
  [2568.20,913.90],
  [2607.80,913.90],
  [2647.50,913.90],
  [868.90,888.50],
  [983.20,863.10],
  [1022.90,863.10],
  [1062.50,863.10],
  [1102.10,863.10],
  [1141.70,863.10],
  [1181.40,863.10],
  [1221.00,863.10],
  [1260.60,863.10],
  [1300.20,863.10],
  [1339.90,863.10],
  [1379.50,863.10],
  [1419.10,863.10],
  [1458.70,863.10],
  [1498.40,863.10],
  [1538.00,863.10],
  [1577.60,863.10],
  [1617.20,863.10],
  [1656.90,863.10],
  [1696.50,863.10],
  [1736.10,863.10],
  [1775.70,863.10],
  [1815.40,863.10],
  [1855.00,863.10],
  [1894.60,863.10],
  [1934.20,863.10],
  [1973.80,863.10],
  [2013.50,863.10],
  [2053.10,863.10],
  [2092.70,863.10],
  [2132.30,863.10],
  [2172.00,863.10],
  [2211.60,863.10],
  [2251.20,863.10],
  [2290.80,863.10],
  [2330.50,863.10],
  [2370.10,863.10],
  [2409.70,863.10],
  [2449.30,863.10],
  [2489.00,863.10],
  [2528.60,863.10],
  [2568.20,863.10],
  [2607.80,863.10],
  [2647.50,863.10],
  [1681.50,837.70],
  [1249.90,837.70],
  [868.90,837.70],
  [957.80,825.00],
  [983.20,825.00],
  [1034.00,825.00],
  [1110.20,825.00],
  [1148.30,825.00],
  [1224.50,825.00],
  [1300.70,825.00],
  [1376.90,825.00],
  [1415.00,825.00],
  [1491.20,825.00],
  [1529.10,825.00],
  [1605.30,825.00],
  [1643.40,825.00],
  [1719.60,825.00],
  [1757.70,825.00],
  [1833.90,825.00],
  [691.10,2380.70],
  [741.90,2380.70],
  [792.70,2380.70],
  [792.70,2431.50],
  [691.10,2431.50],
  [830.80,2437.90],
  [907.00,2437.90],
  [907.00,2463.30],
  [830.80,2463.30],
  [792.70,2482.30],
  [741.90,2482.30],
  [691.10,2482.30],
  [830.80,2488.70],
  [907.00,2488.70],
  [983.20,2488.70],
  [1022.90,2488.70],
  [1062.50,2488.70],
  [1102.10,2488.70],
  [1141.70,2488.70],
  [1181.40,2488.70],
  [1221.00,2488.70],
  [1260.60,2488.70],
  [1300.20,2488.70],
  [1339.90,2488.70],
  [1379.50,2488.70],
  [1419.10,2488.70],
  [1458.70,2488.70],
  [1498.40,2488.70],
  [1538.00,2488.70],
  [1577.60,2488.70],
  [1617.20,2488.70],
  [1656.90,2488.70],
  [1696.50,2488.70],
  [1736.10,2488.70],
  [1775.70,2488.70],
  [1815.40,2488.70],
  [1855.00,2488.70],
  [1894.60,2488.70],
  [1934.20,2488.70],
  [1973.80,2488.70],
  [2013.50,2488.70],
  [2053.10,2488.70],
  [2092.70,2488.70],
  [2132.30,2488.70],
  [2172.00,2488.70],
  [2211.60,2488.70],
  [2251.20,2488.70],
  [2290.80,2488.70],
  [2330.50,2488.70],
  [2370.10,2488.70],
  [2409.70,2488.70],
  [2449.30,2488.70],
  [2489.00,2488.70],
  [2528.60,2488.70],
  [2568.20,2488.70],
  [2607.80,2488.70],
  [2647.50,2488.70],
  [907.00,2514.10],
  [830.80,2514.10],
  [830.80,2539.50],
  [907.00,2539.50],
  [983.20,2539.50],
  [1022.90,2539.50],
  [1062.50,2539.50],
  [1102.10,2539.50],
  [1141.70,2539.50],
  [1181.40,2539.50],
  [1221.00,2539.50],
  [1260.60,2539.50],
  [1300.20,2539.50],
  [1339.90,2539.50],
  [1379.50,2539.50],
  [1419.10,2539.50],
  [1458.70,2539.50],
  [1498.40,2539.50],
  [1538.00,2539.50],
  [1577.60,2539.50],
  [1617.20,2539.50],
  [1656.90,2539.50],
  [1696.50,2539.50],
  [1736.10,2539.50],
  [1775.70,2539.50],
  [1815.40,2539.50],
  [1855.00,2539.50],
  [1894.60,2539.50],
  [1934.20,2539.50],
  [1973.80,2539.50],
  [2013.50,2539.50],
  [2053.10,2539.50],
  [2092.70,2539.50],
  [2132.30,2539.50],
  [2172.00,2539.50],
  [2211.60,2539.50],
  [2251.20,2539.50],
  [2290.80,2539.50],
  [2330.50,2539.50],
  [2370.10,2539.50],
  [2409.70,2539.50],
  [2449.30,2539.50],
  [2489.00,2539.50],
  [2528.60,2539.50],
  [2568.20,2539.50],
  [2607.80,2539.50],
  [2647.50,2539.50],
  [907.00,2564.90],
  [830.80,2564.90],
  [830.80,2590.30],
  [907.00,2590.30],
  [1034.00,2590.30],
  [1059.40,2590.30],
  [856.20,2628.40],
  [830.80,2628.40],
  [830.80,2666.50],
  [907.00,2666.50],
  [830.80,2691.90],
  [907.00,2691.90],
  [983.20,2691.90],
  [1022.90,2691.90],
  [1062.50,2691.90],
  [1102.10,2691.90],
  [1141.70,2691.90],
  [1181.40,2691.90],
  [1221.00,2691.90],
  [1260.60,2691.90],
  [1300.20,2691.90],
  [1339.90,2691.90],
  [1379.50,2691.90],
  [1419.10,2691.90],
  [1458.70,2691.90],
  [1498.40,2691.90],
  [1538.00,2691.90],
  [1577.60,2691.90],
  [1617.20,2691.90],
  [1656.90,2691.90],
  [1696.50,2691.90],
  [1736.10,2691.90],
  [1775.70,2691.90],
  [1815.40,2691.90],
  [1855.00,2691.90],
  [1894.60,2691.90],
  [1934.20,2691.90],
  [1973.80,2691.90],
  [2013.50,2691.90],
  [2053.10,2691.90],
  [2092.70,2691.90],
  [2132.30,2691.90],
  [2172.00,2691.90],
  [2211.60,2691.90],
  [2251.20,2691.90],
  [2290.80,2691.90],
  [2330.50,2691.90],
  [2370.10,2691.90],
  [2409.70,2691.90],
  [2449.30,2691.90],
  [2489.00,2691.90],
  [2528.60,2691.90],
  [2568.20,2691.90],
  [2607.80,2691.90],
  [2647.50,2691.90],
  [907.00,2717.30],
  [830.80,2717.30],
  [830.80,2742.70],
  [907.00,2742.70],
  [983.20,2742.70],
  [1022.90,2742.70],
  [1062.50,2742.70],
  [1102.10,2742.70],
  [1141.70,2742.70],
  [1181.40,2742.70],
  [1221.00,2742.70],
  [1260.60,2742.70],
  [1300.20,2742.70],
  [1339.90,2742.70],
  [1379.50,2742.70],
  [1419.10,2742.70],
  [1458.70,2742.70],
  [1498.40,2742.70],
  [1538.00,2742.70],
  [1577.60,2742.70],
  [1617.20,2742.70],
  [1656.90,2742.70],
  [1696.50,2742.70],
  [1736.10,2742.70],
  [1775.70,2742.70],
  [1815.40,2742.70],
  [1855.00,2742.70],
  [1894.60,2742.70],
  [1934.20,2742.70],
  [1973.80,2742.70],
  [2013.50,2742.70],
  [2053.10,2742.70],
  [2092.70,2742.70],
  [2132.30,2742.70],
  [2172.00,2742.70],
  [2211.60,2742.70],
  [2251.20,2742.70],
  [2290.80,2742.70],
  [2330.50,2742.70],
  [2370.10,2742.70],
  [2409.70,2742.70],
  [2449.30,2742.70],
  [2489.00,2742.70],
  [2528.60,2742.70],
  [2568.20,2742.70],
  [2607.80,2742.70],
  [2647.50,2742.70],
  [907.00,2768.10],
  [830.80,2768.10],
  [830.80,2793.50],
  [907.00,2793.50],
  [1034.00,2793.50],
  [1059.40,2793.50],
  [907.00,2818.90],
  [830.80,2818.90],
  [830.80,2844.30],
  [907.00,2844.30],
  [907.00,2882.40],
  [856.20,2882.40],
  [830.80,2882.40],
  [983.20,2895.10],
  [1022.90,2895.10],
  [1062.50,2895.10],
  [1102.10,2895.10],
  [1141.70,2895.10],
  [1181.40,2895.10],
  [1221.00,2895.10],
  [1260.60,2895.10],
  [1300.20,2895.10],
  [1339.90,2895.10],
  [1379.50,2895.10],
  [1419.10,2895.10],
  [1458.70,2895.10],
  [1498.40,2895.10],
  [1538.00,2895.10],
  [1577.60,2895.10],
  [1617.20,2895.10],
  [1656.90,2895.10],
  [1696.50,2895.10],
  [1736.10,2895.10],
  [1775.70,2895.10],
  [1815.40,2895.10],
  [1855.00,2895.10],
  [1894.60,2895.10],
  [1934.20,2895.10],
  [1973.80,2895.10],
  [2013.50,2895.10],
  [2053.10,2895.10],
  [2092.70,2895.10],
  [2132.30,2895.10],
  [2172.00,2895.10],
  [2211.60,2895.10],
  [2251.20,2895.10],
  [2290.80,2895.10],
  [2330.50,2895.10],
  [2370.10,2895.10],
  [2409.70,2895.10],
  [2449.30,2895.10],
  [2489.00,2895.10],
  [2528.60,2895.10],
  [2568.20,2895.10],
  [2607.80,2895.10],
  [2647.50,2895.10],
  [843.50,2920.50],
  [843.50,2945.90],
  [983.20,2945.90],
  [1022.90,2945.90],
  [1062.50,2945.90],
  [1102.10,2945.90],
  [1141.70,2945.90],
  [1181.40,2945.90],
  [1221.00,2945.90],
  [1260.60,2945.90],
  [1300.20,2945.90],
  [1339.90,2945.90],
  [1379.50,2945.90],
  [1419.10,2945.90],
  [1458.70,2945.90],
  [1498.40,2945.90],
  [1538.00,2945.90],
  [1577.60,2945.90],
  [1617.20,2945.90],
  [1656.90,2945.90],
  [1696.50,2945.90],
  [1736.10,2945.90],
  [1775.70,2945.90],
  [1815.40,2945.90],
  [1855.00,2945.90],
  [1894.60,2945.90],
  [1934.20,2945.90],
  [1973.80,2945.90],
  [2013.50,2945.90],
  [2053.10,2945.90],
  [2092.70,2945.90],
  [2132.30,2945.90],
  [2172.00,2945.90],
  [2211.60,2945.90],
  [2251.20,2945.90],
  [2290.80,2945.90],
  [2330.50,2945.90],
  [2370.10,2945.90],
  [2409.70,2945.90],
  [2449.30,2945.90],
  [2489.00,2945.90],
  [2528.60,2945.90],
  [2568.20,2945.90],
  [2607.80,2945.90],
  [2647.50,2945.90],
  [907.00,2958.60],
  [843.50,2971.30],
  [907.00,2984.00],
  [932.40,2984.00],
  [843.50,2996.70],
  [1034.00,2996.70],
  [1059.40,2996.70],
  [932.40,3022.10],
  [907.00,3022.10],
  [843.50,3022.10],
  [843.50,3047.50],
  [843.50,3072.90],
  [894.30,3072.90],
  [919.70,3072.90],
  [843.50,3098.30],
  [983.20,3098.30],
  [1022.90,3098.30],
  [1062.50,3098.30],
  [1102.10,3098.30],
  [1141.70,3098.30],
  [1181.40,3098.30],
  [1221.00,3098.30],
  [1260.60,3098.30],
  [1300.20,3098.30],
  [1339.90,3098.30],
  [1379.50,3098.30],
  [1419.10,3098.30],
  [1458.70,3098.30],
  [1498.40,3098.30],
  [1538.00,3098.30],
  [1577.60,3098.30],
  [1617.20,3098.30],
  [1656.90,3098.30],
  [1696.50,3098.30],
  [1736.10,3098.30],
  [1775.70,3098.30],
  [1815.40,3098.30],
  [1855.00,3098.30],
  [1894.60,3098.30],
  [1934.20,3098.30],
  [1973.80,3098.30],
  [2013.50,3098.30],
  [2053.10,3098.30],
  [2092.70,3098.30],
  [2132.30,3098.30],
  [2172.00,3098.30],
  [2211.60,3098.30],
  [2251.20,3098.30],
  [2290.80,3098.30],
  [2330.50,3098.30],
  [2370.10,3098.30],
  [2409.70,3098.30],
  [2449.30,3098.30],
  [2489.00,3098.30],
  [2528.60,3098.30],
  [2568.20,3098.30],
  [2607.80,3098.30],
  [2647.50,3098.30],
  [792.70,3142.70],
  [741.90,3142.70],
  [691.10,3142.70],
  [894.30,3149.10],
  [919.70,3149.10],
  [983.20,3149.10],
  [1022.90,3149.10],
  [1062.50,3149.10],
  [1102.10,3149.10],
  [1141.70,3149.10],
  [1181.40,3149.10],
  [1221.00,3149.10],
  [1260.60,3149.10],
  [1300.20,3149.10],
  [1339.90,3149.10],
  [1379.50,3149.10],
  [1419.10,3149.10],
  [1458.70,3149.10],
  [1498.40,3149.10],
  [1538.00,3149.10],
  [1577.60,3149.10],
  [1617.20,3149.10],
  [1656.90,3149.10],
  [1696.50,3149.10],
  [1736.10,3149.10],
  [1775.70,3149.10],
  [1815.40,3149.10],
  [1855.00,3149.10],
  [1894.60,3149.10],
  [1934.20,3149.10],
  [1973.80,3149.10],
  [2013.50,3149.10],
  [2053.10,3149.10],
  [2092.70,3149.10],
  [2132.30,3149.10],
  [2172.00,3149.10],
  [2211.60,3149.10],
  [2251.20,3149.10],
  [2290.80,3149.10],
  [2330.50,3149.10],
  [2370.10,3149.10],
  [2409.70,3149.10],
  [2449.30,3149.10],
  [2489.00,3149.10],
  [2528.60,3149.10],
  [2568.20,3149.10],
  [2607.80,3149.10],
  [2647.50,3149.10],
  [1440.40,3187.20],
  [1402.30,3187.20],
  [1351.50,3187.20],
  [1313.40,3187.20],
  [919.70,3187.20],
  [894.30,3187.20],
  [792.70,3193.50],
  [691.10,3193.50],
  [1503.90,3199.90],
  [1579.90,3199.90],
  [1148.30,3225.30],
  [1122.90,3225.30],
  [1097.50,3225.30],
  [1072.10,3225.30],
  [1046.70,3225.30],
  [1021.30,3225.30],
  [995.90,3225.30],
  [970.50,3225.30],
  [792.70,3244.30],
  [741.90,3244.30],
  [691.10,3244.30],
  [1072.10,3250.70],
  [1097.50,3250.70],
  [1122.90,3250.70],
  [1148.30,3250.70],
  [1173.70,3250.70],
  [1199.10,3250.70],
  [1224.50,3250.70],
  [1249.90,3250.70],
  [1275.30,3250.70],
  [1503.90,3250.70],
  [1529.10,3250.70],
  [1554.50,3250.70],
  [1579.90,3250.70],
  [1605.30,3250.70],
  [1630.70,3250.70],
  [1656.10,3250.70],
  [1681.50,3250.70],
  [1719.60,3250.70],
  [1745.00,3250.70],
  [1770.40,3250.70],
  [1795.80,3250.70],
  [1821.20,3250.70],
  [1846.60,3250.70],
  [1872.00,3250.70],
  [1897.40,3250.70],
  [1922.80,3250.70],
  [1960.90,3250.70],
  [1986.30,3250.70],
  [2011.70,3250.70],
  [2037.10,3250.70],
  [2062.50,3250.70],
  [2087.90,3250.70],
  [2113.30,3250.70],
  [2138.70,3250.70],
  [2164.10,3250.70],
  [2227.60,3250.70],
  [2253.00,3250.70],
  [2278.40,3250.70],
  [2303.80,3250.70],
  [2329.20,3250.70],
  [2354.60,3250.70],
  [2380.00,3250.70],
  [2405.40,3250.70],
  [2430.80,3250.70],
  [2468.90,3250.70],
  [2494.30,3250.70],
  [2519.70,3250.70],
  [2545.10,3250.70],
  [2570.50,3250.70],
  [2595.90,3250.70],
  [2621.30,3250.70],
  [2646.70,3250.70],
  [2672.10,3250.70],
  [1700.50,3257.00],
  [945.10,3263.40],
  [1313.40,3263.40],
  [1351.50,3263.40],
  [1402.30,3263.40],
  [1440.40,3263.40],
  [2697.50,3263.40],
  [2430.80,837.70],
  [2976.90,863.10],
  [3002.30,863.10],
  [3027.70,863.10],
  [3053.10,863.10],
  [3078.50,863.10],
  [3103.90,863.10],
  [3129.30,863.10],
  [3154.70,863.10],
  [3180.10,863.10],
  [3205.50,863.10],
  [3230.90,863.10],
  [3256.30,863.10],
  [3281.70,863.10],
  [3307.10,863.10],
  [3332.50,863.10],
  [3357.90,863.10],
  [3383.30,863.10],
  [3408.70,863.10],
  [3434.10,863.10],
  [3459.50,863.10],
  [3484.90,863.10],
  [3510.30,863.10],
  [3535.70,863.10],
  [3561.10,863.10],
  [3586.50,863.10],
  [3611.90,863.10],
  [3637.30,863.10],
  [3662.70,863.10],
  [3688.10,863.10],
  [3713.50,863.10],
  [3713.50,913.90],
  [3688.10,913.90],
  [3662.70,913.90],
  [3637.30,913.90],
  [3611.90,913.90],
  [3586.50,913.90],
  [3561.10,913.90],
  [3535.70,913.90],
  [3510.30,913.90],
  [3484.90,913.90],
  [3459.50,913.90],
  [3434.10,913.90],
  [3408.70,913.90],
  [3383.30,913.90],
  [3357.90,913.90],
  [3332.50,913.90],
  [3307.10,913.90],
  [3281.70,913.90],
  [3256.30,913.90],
  [3230.90,913.90],
  [3205.50,913.90],
  [3180.10,913.90],
  [3154.70,913.90],
  [3129.30,913.90],
  [3103.90,913.90],
  [3078.50,913.90],
  [3053.10,913.90],
  [3027.70,913.90],
  [3002.30,913.90],
  [2976.90,913.90],
  [2976.90,1066.30],
  [3002.30,1066.30],
  [3027.70,1066.30],
  [3053.10,1066.30],
  [3078.50,1066.30],
  [3103.90,1066.30],
  [3129.30,1066.30],
  [3154.70,1066.30],
  [3180.10,1066.30],
  [3205.50,1066.30],
  [3230.90,1066.30],
  [3256.30,1066.30],
  [3281.70,1066.30],
  [3307.10,1066.30],
  [3332.50,1066.30],
  [3357.90,1066.30],
  [3383.30,1066.30],
  [3408.70,1066.30],
  [3434.10,1066.30],
  [3459.50,1066.30],
  [3484.90,1066.30],
  [3510.30,1066.30],
  [3535.70,1066.30],
  [3561.10,1066.30],
  [3586.50,1066.30],
  [3611.90,1066.30],
  [3637.30,1066.30],
  [3662.70,1066.30],
  [3688.10,1066.30],
  [3713.50,1066.30],
  [3713.50,1117.10],
  [3688.10,1117.10],
  [3662.70,1117.10],
  [3637.30,1117.10],
  [3611.90,1117.10],
  [3586.50,1117.10],
  [3561.10,1117.10],
  [3535.70,1117.10],
  [3510.30,1117.10],
  [3484.90,1117.10],
  [3459.50,1117.10],
  [3434.10,1117.10],
  [3408.70,1117.10],
  [3383.30,1117.10],
  [3357.90,1117.10],
  [3332.50,1117.10],
  [3307.10,1117.10],
  [3281.70,1117.10],
  [3256.30,1117.10],
  [3230.90,1117.10],
  [3205.50,1117.10],
  [3180.10,1117.10],
  [3154.70,1117.10],
  [3129.30,1117.10],
  [3103.90,1117.10],
  [3078.50,1117.10],
  [3053.10,1117.10],
  [3027.70,1117.10],
  [3002.30,1117.10],
  [2976.90,1117.10],
  [2976.90,1269.50],
  [3002.30,1269.50],
  [3027.70,1269.50],
  [3053.10,1269.50],
  [3078.50,1269.50],
  [3103.90,1269.50],
  [3129.30,1269.50],
  [3154.70,1269.50],
  [3180.10,1269.50],
  [3205.50,1269.50],
  [3230.90,1269.50],
  [3256.30,1269.50],
  [3281.70,1269.50],
  [3307.10,1269.50],
  [3332.50,1269.50],
  [3357.90,1269.50],
  [3383.30,1269.50],
  [3408.70,1269.50],
  [3434.10,1269.50],
  [3459.50,1269.50],
  [3484.90,1269.50],
  [3510.30,1269.50],
  [3535.70,1269.50],
  [3561.10,1269.50],
  [3586.50,1269.50],
  [3611.90,1269.50],
  [3637.30,1269.50],
  [3662.70,1269.50],
  [3688.10,1269.50],
  [3713.50,1269.50],
  [3713.50,1320.30],
  [3688.10,1320.30],
  [3662.70,1320.30],
  [3637.30,1320.30],
  [3611.90,1320.30],
  [3586.50,1320.30],
  [3561.10,1320.30],
  [3535.70,1320.30],
  [3510.30,1320.30],
  [3484.90,1320.30],
  [3459.50,1320.30],
  [3434.10,1320.30],
  [3408.70,1320.30],
  [3383.30,1320.30],
  [3357.90,1320.30],
  [3332.50,1320.30],
  [3307.10,1320.30],
  [3281.70,1320.30],
  [3256.30,1320.30],
  [3230.90,1320.30],
  [3205.50,1320.30],
  [3180.10,1320.30],
  [3154.70,1320.30],
  [3129.30,1320.30],
  [3103.90,1320.30],
  [3078.50,1320.30],
  [3053.10,1320.30],
  [3027.70,1320.30],
  [3002.30,1320.30],
  [2976.90,1320.30],
  [2976.90,1472.70],
  [3002.30,1472.70],
  [3027.70,1472.70],
  [3053.10,1472.70],
  [3078.50,1472.70],
  [3103.90,1472.70],
  [3129.30,1472.70],
  [3154.70,1472.70],
  [3180.10,1472.70],
  [3205.50,1472.70],
  [3230.90,1472.70],
  [3256.30,1472.70],
  [3281.70,1472.70],
  [3307.10,1472.70],
  [3332.50,1472.70],
  [3357.90,1472.70],
  [3383.30,1472.70],
  [3408.70,1472.70],
  [3434.10,1472.70],
  [3459.50,1472.70],
  [3484.90,1472.70],
  [3510.30,1472.70],
  [3535.70,1472.70],
  [3561.10,1472.70],
  [3586.50,1472.70],
  [3611.90,1472.70],
  [3637.30,1472.70],
  [3662.70,1472.70],
  [3688.10,1472.70],
  [3713.50,1472.70],
  [3713.50,1523.50],
  [3688.10,1523.50],
  [3662.70,1523.50],
  [3637.30,1523.50],
  [3611.90,1523.50],
  [3586.50,1523.50],
  [3561.10,1523.50],
  [3535.70,1523.50],
  [3510.30,1523.50],
  [3484.90,1523.50],
  [3459.50,1523.50],
  [3434.10,1523.50],
  [3408.70,1523.50],
  [3383.30,1523.50],
  [3357.90,1523.50],
  [3332.50,1523.50],
  [3307.10,1523.50],
  [3281.70,1523.50],
  [3256.30,1523.50],
  [3230.90,1523.50],
  [3205.50,1523.50],
  [3180.10,1523.50],
  [3154.70,1523.50],
  [3129.30,1523.50],
  [3103.90,1523.50],
  [3078.50,1523.50],
  [3053.10,1523.50],
  [3027.70,1523.50],
  [3002.30,1523.50],
  [2976.90,1523.50],
  [2976.90,1675.90],
  [3002.30,1675.90],
  [3027.70,1675.90],
  [3053.10,1675.90],
  [3078.50,1675.90],
  [3103.90,1675.90],
  [3129.30,1675.90],
  [3154.70,1675.90],
  [3180.10,1675.90],
  [3205.50,1675.90],
  [3230.90,1675.90],
  [3256.30,1675.90],
  [3281.70,1675.90],
  [3307.10,1675.90],
  [3332.50,1675.90],
  [3357.90,1675.90],
  [3383.30,1675.90],
  [3408.70,1675.90],
  [3434.10,1675.90],
  [3459.50,1675.90],
  [3484.90,1675.90],
  [3510.30,1675.90],
  [3535.70,1675.90],
  [3561.10,1675.90],
  [3586.50,1675.90],
  [3611.90,1675.90],
  [3637.30,1675.90],
  [3662.70,1675.90],
  [3688.10,1675.90],
  [3713.50,1675.90],
  [3713.50,1726.70],
  [3688.10,1726.70],
  [3662.70,1726.70],
  [3637.30,1726.70],
  [3611.90,1726.70],
  [3586.50,1726.70],
  [3561.10,1726.70],
  [3535.70,1726.70],
  [3510.30,1726.70],
  [3484.90,1726.70],
  [3459.50,1726.70],
  [3434.10,1726.70],
  [3408.70,1726.70],
  [3383.30,1726.70],
  [3357.90,1726.70],
  [3332.50,1726.70],
  [3307.10,1726.70],
  [3281.70,1726.70],
  [3256.30,1726.70],
  [3230.90,1726.70],
  [3205.50,1726.70],
  [3180.10,1726.70],
  [3154.70,1726.70],
  [3129.30,1726.70],
  [3103.90,1726.70],
  [3078.50,1726.70],
  [3053.10,1726.70],
  [3027.70,1726.70],
  [3002.30,1726.70],
  [2976.90,1726.70],
  [2976.90,1879.10],
  [3002.30,1879.10],
  [3027.70,1879.10],
  [3053.10,1879.10],
  [3078.50,1879.10],
  [3103.90,1879.10],
  [3129.30,1879.10],
  [3154.70,1879.10],
  [3180.10,1879.10],
  [3205.50,1879.10],
  [3230.90,1879.10],
  [3256.30,1879.10],
  [3281.70,1879.10],
  [3307.10,1879.10],
  [3332.50,1879.10],
  [3357.90,1879.10],
  [3383.30,1879.10],
  [3408.70,1879.10],
  [3434.10,1879.10],
  [3459.50,1879.10],
  [3484.90,1879.10],
  [3510.30,1879.10],
  [3535.70,1879.10],
  [3561.10,1879.10],
  [3586.50,1879.10],
  [3611.90,1879.10],
  [3637.30,1879.10],
  [3662.70,1879.10],
  [3688.10,1879.10],
  [3713.50,1879.10],
  [3713.50,1929.90],
  [3688.10,1929.90],
  [3662.70,1929.90],
  [3637.30,1929.90],
  [3611.90,1929.90],
  [3586.50,1929.90],
  [3561.10,1929.90],
  [3535.70,1929.90],
  [3510.30,1929.90],
  [3484.90,1929.90],
  [3459.50,1929.90],
  [3434.10,1929.90],
  [3408.70,1929.90],
  [3383.30,1929.90],
  [3357.90,1929.90],
  [3332.50,1929.90],
  [3307.10,1929.90],
  [3281.70,1929.90],
  [3256.30,1929.90],
  [3230.90,1929.90],
  [3205.50,1929.90],
  [3180.10,1929.90],
  [3154.70,1929.90],
  [3129.30,1929.90],
  [3103.90,1929.90],
  [3078.50,1929.90],
  [3053.10,1929.90],
  [3027.70,1929.90],
  [3002.30,1929.90],
  [2976.90,1929.90],
  [2976.90,2082.30],
  [3002.30,2082.30],
  [3027.70,2082.30],
  [3053.10,2082.30],
  [3078.50,2082.30],
  [3103.90,2082.30],
  [3129.30,2082.30],
  [3154.70,2082.30],
  [3180.10,2082.30],
  [3205.50,2082.30],
  [3230.90,2082.30],
  [3256.30,2082.30],
  [3281.70,2082.30],
  [3307.10,2082.30],
  [3332.50,2082.30],
  [3357.90,2082.30],
  [3383.30,2082.30],
  [3408.70,2082.30],
  [3434.10,2082.30],
  [3459.50,2082.30],
  [3484.90,2082.30],
  [3510.30,2082.30],
  [3535.70,2082.30],
  [3561.10,2082.30],
  [3586.50,2082.30],
  [3611.90,2082.30],
  [3637.30,2082.30],
  [3662.70,2082.30],
  [3688.10,2082.30],
  [3713.50,2082.30],
  [3713.50,2133.10],
  [3688.10,2133.10],
  [3662.70,2133.10],
  [3637.30,2133.10],
  [3611.90,2133.10],
  [3586.50,2133.10],
  [3561.10,2133.10],
  [3535.70,2133.10],
  [3510.30,2133.10],
  [3484.90,2133.10],
  [3459.50,2133.10],
  [3434.10,2133.10],
  [3408.70,2133.10],
  [3383.30,2133.10],
  [3357.90,2133.10],
  [3332.50,2133.10],
  [3307.10,2133.10],
  [3281.70,2133.10],
  [3256.30,2133.10],
  [3230.90,2133.10],
  [3205.50,2133.10],
  [3180.10,2133.10],
  [3154.70,2133.10],
  [3129.30,2133.10],
  [3103.90,2133.10],
  [3078.50,2133.10],
  [3053.10,2133.10],
  [3027.70,2133.10],
  [3002.30,2133.10],
  [2976.90,2133.10],
  [2976.90,2285.50],
  [3002.30,2285.50],
  [3027.70,2285.50],
  [3053.10,2285.50],
  [3078.50,2285.50],
  [3103.90,2285.50],
  [3129.30,2285.50],
  [3154.70,2285.50],
  [3180.10,2285.50],
  [3205.50,2285.50],
  [3230.90,2285.50],
  [3256.30,2285.50],
  [3281.70,2285.50],
  [3307.10,2285.50],
  [3332.50,2285.50],
  [3357.90,2285.50],
  [3383.30,2285.50],
  [3408.70,2285.50],
  [3434.10,2285.50],
  [3459.50,2285.50],
  [3484.90,2285.50],
  [3510.30,2285.50],
  [3535.70,2285.50],
  [3561.10,2285.50],
  [3586.50,2285.50],
  [3611.90,2285.50],
  [3637.30,2285.50],
  [3662.70,2285.50],
  [3688.10,2285.50],
  [3713.50,2285.50],
  [3713.50,2336.30],
  [3688.10,2336.30],
  [3662.70,2336.30],
  [3637.30,2336.30],
  [3611.90,2336.30],
  [3586.50,2336.30],
  [3561.10,2336.30],
  [3535.70,2336.30],
  [3510.30,2336.30],
  [3484.90,2336.30],
  [3459.50,2336.30],
  [3434.10,2336.30],
  [3408.70,2336.30],
  [3383.30,2336.30],
  [3357.90,2336.30],
  [3332.50,2336.30],
  [3307.10,2336.30],
  [3281.70,2336.30],
  [3256.30,2336.30],
  [3230.90,2336.30],
  [3205.50,2336.30],
  [3180.10,2336.30],
  [3154.70,2336.30],
  [3129.30,2336.30],
  [3103.90,2336.30],
  [3078.50,2336.30],
  [3053.10,2336.30],
  [3027.70,2336.30],
  [3002.30,2336.30],
  [2976.90,2336.30],
  [2976.90,2488.70],
  [3002.30,2488.70],
  [3027.70,2488.70],
  [3053.10,2488.70],
  [3078.50,2488.70],
  [3103.90,2488.70],
  [3129.30,2488.70],
  [3154.70,2488.70],
  [3180.10,2488.70],
  [3205.50,2488.70],
  [3230.90,2488.70],
  [3256.30,2488.70],
  [3281.70,2488.70],
  [3307.10,2488.70],
  [3332.50,2488.70],
  [3357.90,2488.70],
  [3383.30,2488.70],
  [3408.70,2488.70],
  [3434.10,2488.70],
  [3459.50,2488.70],
  [3484.90,2488.70],
  [3510.30,2488.70],
  [3535.70,2488.70],
  [3561.10,2488.70],
  [3586.50,2488.70],
  [3611.90,2488.70],
  [3637.30,2488.70],
  [3662.70,2488.70],
  [3688.10,2488.70],
  [3713.50,2488.70],
  [3713.50,2539.50],
  [3688.10,2539.50],
  [3662.70,2539.50],
  [3637.30,2539.50],
  [3611.90,2539.50],
  [3586.50,2539.50],
  [3561.10,2539.50],
  [3535.70,2539.50],
  [3510.30,2539.50],
  [3484.90,2539.50],
  [3459.50,2539.50],
  [3434.10,2539.50],
  [3408.70,2539.50],
  [3383.30,2539.50],
  [3357.90,2539.50],
  [3332.50,2539.50],
  [3307.10,2539.50],
  [3281.70,2539.50],
  [3256.30,2539.50],
  [3230.90,2539.50],
  [3205.50,2539.50],
  [3180.10,2539.50],
  [3154.70,2539.50],
  [3129.30,2539.50],
  [3103.90,2539.50],
  [3078.50,2539.50],
  [3053.10,2539.50],
  [3027.70,2539.50],
  [3002.30,2539.50],
  [2976.90,2539.50],
  [2976.90,2691.90],
  [3002.30,2691.90],
  [3027.70,2691.90],
  [3053.10,2691.90],
  [3078.50,2691.90],
  [3103.90,2691.90],
  [3129.30,2691.90],
  [3154.70,2691.90],
  [3180.10,2691.90],
  [3205.50,2691.90],
  [3230.90,2691.90],
  [3256.30,2691.90],
  [3281.70,2691.90],
  [3307.10,2691.90],
  [3332.50,2691.90],
  [3357.90,2691.90],
  [3383.30,2691.90],
  [3408.70,2691.90],
  [3434.10,2691.90],
  [3459.50,2691.90],
  [3484.90,2691.90],
  [3510.30,2691.90],
  [3535.70,2691.90],
  [3561.10,2691.90],
  [3586.50,2691.90],
  [3611.90,2691.90],
  [3637.30,2691.90],
  [3662.70,2691.90],
  [3688.10,2691.90],
  [3713.50,2691.90],
  [3713.50,2742.70],
  [3688.10,2742.70],
  [3662.70,2742.70],
  [3637.30,2742.70],
  [3611.90,2742.70],
  [3586.50,2742.70],
  [3561.10,2742.70],
  [3535.70,2742.70],
  [3510.30,2742.70],
  [3484.90,2742.70],
  [3459.50,2742.70],
  [3434.10,2742.70],
  [3408.70,2742.70],
  [3383.30,2742.70],
  [3357.90,2742.70],
  [3332.50,2742.70],
  [3307.10,2742.70],
  [3281.70,2742.70],
  [3256.30,2742.70],
  [3230.90,2742.70],
  [3205.50,2742.70],
  [3180.10,2742.70],
  [3154.70,2742.70],
  [3129.30,2742.70],
  [3103.90,2742.70],
  [3078.50,2742.70],
  [3053.10,2742.70],
  [3027.70,2742.70],
  [3002.30,2742.70],
  [2976.90,2742.70],
  [2976.90,2895.10],
  [3002.30,2895.10],
  [3027.70,2895.10],
  [3053.10,2895.10],
  [3078.50,2895.10],
  [3103.90,2895.10],
  [3129.30,2895.10],
  [3154.70,2895.10],
  [3180.10,2895.10],
  [3205.50,2895.10],
  [3230.90,2895.10],
  [3256.30,2895.10],
  [3281.70,2895.10],
  [3307.10,2895.10],
  [3332.50,2895.10],
  [3357.90,2895.10],
  [3383.30,2895.10],
  [3408.70,2895.10],
  [3434.10,2895.10],
  [3459.50,2895.10],
  [3484.90,2895.10],
  [3510.30,2895.10],
  [3535.70,2895.10],
  [3561.10,2895.10],
  [3586.50,2895.10],
  [3611.90,2895.10],
  [3637.30,2895.10],
  [3662.70,2895.10],
  [3688.10,2895.10],
  [3713.50,2895.10],
  [3713.50,2945.90],
  [3688.10,2945.90],
  [3662.70,2945.90],
  [3637.30,2945.90],
  [3611.90,2945.90],
  [3586.50,2945.90],
  [3561.10,2945.90],
  [3535.70,2945.90],
  [3510.30,2945.90],
  [3484.90,2945.90],
  [3459.50,2945.90],
  [3434.10,2945.90],
  [3408.70,2945.90],
  [3383.30,2945.90],
  [3357.90,2945.90],
  [3332.50,2945.90],
  [3307.10,2945.90],
  [3281.70,2945.90],
  [3256.30,2945.90],
  [3230.90,2945.90],
  [3205.50,2945.90],
  [3180.10,2945.90],
  [3154.70,2945.90],
  [3129.30,2945.90],
  [3103.90,2945.90],
  [3078.50,2945.90],
  [3053.10,2945.90],
  [3027.70,2945.90],
  [3002.30,2945.90],
  [2976.90,2945.90],
  [2976.90,3098.30],
  [3002.30,3098.30],
  [3027.70,3098.30],
  [3053.10,3098.30],
  [3078.50,3098.30],
  [3103.90,3098.30],
  [3129.30,3098.30],
  [3154.70,3098.30],
  [3180.10,3098.30],
  [3205.50,3098.30],
  [3230.90,3098.30],
  [3256.30,3098.30],
  [3281.70,3098.30],
  [3307.10,3098.30],
  [3332.50,3098.30],
  [3357.90,3098.30],
  [3383.30,3098.30],
  [3408.70,3098.30],
  [3434.10,3098.30],
  [3459.50,3098.30],
  [3484.90,3098.30],
  [3510.30,3098.30],
  [3535.70,3098.30],
  [3561.10,3098.30],
  [3586.50,3098.30],
  [3611.90,3098.30],
  [3637.30,3098.30],
  [3662.70,3098.30],
  [3688.10,3098.30],
  [3713.50,3098.30],
  [3713.50,3149.10],
  [3688.10,3149.10],
  [3662.70,3149.10],
  [3637.30,3149.10],
  [3611.90,3149.10],
  [3586.50,3149.10],
  [3561.10,3149.10],
  [3535.70,3149.10],
  [3510.30,3149.10],
  [3484.90,3149.10],
  [3459.50,3149.10],
  [3434.10,3149.10],
  [3408.70,3149.10],
  [3383.30,3149.10],
  [3357.90,3149.10],
  [3332.50,3149.10],
  [3307.10,3149.10],
  [3281.70,3149.10],
  [3256.30,3149.10],
  [3230.90,3149.10],
  [3205.50,3149.10],
  [3180.10,3149.10],
  [3154.70,3149.10],
  [3129.30,3149.10],
  [3103.90,3149.10],
  [3078.50,3149.10],
  [3053.10,3149.10],
  [3027.70,3149.10],
  [3002.30,3149.10],
  [2976.90,3149.10],
  [3129.30,3250.70],
  [3154.70,3250.70],
  [3180.10,3250.70],
  [3205.50,3250.70],
  [3230.90,3250.70],
  [3256.30,3250.70],
  [3281.70,3250.70],
  [3307.10,3250.70],
  [3383.30,3250.70],
  [3408.70,3250.70],
  [3434.10,3250.70],
  [3459.50,3250.70],
  [3484.90,3250.70],
  [3510.30,3250.70],
  [3535.70,3250.70],
  [3561.10,3250.70],
  [3586.50,3250.70],
  [4069.10,1720.30],
  [4018.30,1720.30],
  [3967.50,1720.30],
  [3967.50,1669.50],
  [4069.10,1669.50],
  [4069.10,1618.70],
  [4018.30,1618.70],
  [3967.50,1618.70],
  [3840.50,1320.30],
  [4069.10,958.30],
  [4018.30,958.30],
  [3967.50,958.30],
  [3865.90,952.00],
  [3967.50,907.50],
  [4069.10,907.50],
  [4069.10,856.70],
  [4018.30,856.70],
  [3967.50,856.70],
  [3878.60,1155.20],
  [4322.80,1669.50],
  [4348.20,1669.50],
  [4348.20,1694.90],
  [4322.80,1694.90],
  [4322.80,1720.30],
  [4348.20,1720.30],
  [4348.20,1745.70],
  [4322.80,1745.70],
  [4322.80,1771.10],
  [4348.20,1771.10],
  [4348.20,1796.50],
  [4322.80,1796.50],
  [3967.50,2380.70],
  [4018.30,2380.70],
  [4069.10,2380.70],
  [4069.10,2431.50],
  [3967.50,2431.50],
  [3967.50,2482.30],
  [4018.30,2482.30],
  [4069.10,2482.30],
  [3865.90,2526.80],
  [3853.20,2679.20],
  [3967.50,3142.70],
  [4018.30,3142.70],
  [4069.10,3142.70],
  [4069.10,3193.50],
  [3967.50,3193.50],
  [3967.50,3244.30],
  [4018.30,3244.30],
  [4069.10,3244.30]
]