[
  [0.00,0.00],
  [1116.30,1555.20],
  [1357.60,1479.00],
  [1148.10,1771.10],
  [1186.20,1796.50],
  [1205.20,1885.40],
  [1237.00,1993.40],
  [1300.50,2006.10],
  [1160.80,2025.10],
  [1173.50,2037.80],
  [1224.30,2050.50],
  [1351.30,2241.00],
  [1732.30,2133.10],
  [1745.00,2190.20],
  [1764.00,2291.80],
  [1764.00,2342.60],
  [1732.30,2393.40],
  [1745.00,2418.80],
  [1649.70,2431.50],
  [1757.70,2520.40],
  [2297.40,1771.10],
  [2214.90,1428.20],
  [2227.60,1339.30],
  [2183.10,1320.30],
  [2614.90,1110.70],
  [2507.00,1161.50],
  [2348.20,952.00],
  [2221.20,1009.10],
  [2208.50,1085.30],
  [2202.20,1136.10],
  [2214.90,1174.20],
  [2024.40,1123.40],
  [2043.40,1301.20],
  [1948.20,1307.60],
  [1941.80,1390.10],
  [1846.60,1415.50],
  [1757.70,1364.70],
  [1802.10,1352.00],
  [1833.90,1263.10],
  [1732.30,1250.40],
  [2043.40,1580.60],
  [2049.80,1745.70],
  [1999.00,1802.90],
  [1960.90,1815.60],
  [2056.10,1821.90],
  [2011.70,1828.30],
  [2043.40,1853.70],
  [1846.60,1783.80],
  [1821.20,1828.30],
  [1846.60,1866.40],
  [1814.80,1650.50],
  [1668.80,1809.20],
  [1859.30,2164.80],
  [1986.30,2133.10],
  [2011.70,2177.50],
  [1948.20,2196.60],
  [1891.00,2247.40],
  [2011.70,2272.80],
  [2037.10,2304.50],
  [2056.10,2355.30],
  [1897.40,2412.50],
  [1897.40,2456.90],
  [1916.40,2469.60],
  [2056.10,2469.60],
  [2157.70,2139.40],
  [1637.00,2698.20],
  [1706.90,2704.60],
  [1764.00,2749.00],
  [1706.90,2774.40],
  [1764.00,2799.80],
  [1872.00,3066.50],
  [1852.90,3003.00],
  [1872.00,2996.70],
  [1897.40,2996.70],
  [2214.90,2971.30],
  [2195.80,2939.50],
  [2246.60,2888.70],
  [1891.00,2869.70],
  [2202.20,2844.30],
  [1903.70,2818.90],
  [1872.00,2818.90],
  [2011.70,2761.70],
  [1903.70,2698.20],
  [1954.50,2583.90],
  [2056.10,2577.60],
  [2094.20,2564.90],
  [2195.80,2476.00],
  [2589.50,2990.30],
  [2608.60,2990.30],
  [2507.00,3003.00],
  [2894.30,3047.50],
  [2894.30,3003.00],
  [2907.00,2971.30],
  [3027.70,3047.50],
  [2792.70,2812.50],
  [2227.60,2812.50],
  [2583.20,2799.80],
  [2595.90,2774.40],
  [2507.00,2774.40],
  [2722.90,2755.40],
  [2614.90,2749.00],
  [2888.00,2730.00],
  [3211.80,2730.00],
  [3142.00,2717.30],
  [2754.60,2698.20],
  [2456.20,2698.20],
  [2570.50,2622.00],
  [2722.90,2622.00],
  [3364.20,2622.00],
  [2900.70,2615.70],
  [3135.60,2603.00],
  [2710.20,2596.60],
  [2716.50,2545.80],
  [2888.00,2533.10],
  [2849.90,2514.10],
  [2297.40,2514.10],
  [2608.60,2495.00],
  [3224.50,2488.70],
  [2691.10,2476.00],
  [2875.30,2437.90],
  [2500.60,2418.80],
  [2430.80,2399.80],
  [2875.30,2399.80],
  [3129.30,2368.00],
  [2583.20,2368.00],
  [2494.30,2368.00],
  [2780.00,2361.70],
  [2335.50,2355.30],
  [2614.90,2317.20],
  [2926.10,2304.50],
  [2805.40,2291.80],
  [2583.20,2291.80],
  [2824.50,2285.50],
  [2862.60,2279.10],
  [2799.10,2260.10],
  [2691.10,2260.10],
  [2754.60,2253.70],
  [2913.40,2253.70],
  [2348.20,2241.00],
  [2907.00,2234.70],
  [3135.60,2234.70],
  [2926.10,2228.30],
  [3434.10,2202.90],
  [2881.60,2190.20],
  [2602.20,2190.20],
  [2710.20,2164.80],
  [2792.70,2145.80],
  [2824.50,2133.10],
  [2424.40,2107.70],
  [2868.90,2101.30],
  [3434.10,2101.30],
  [2614.90,2088.60],
  [3078.50,2082.30],
  [2589.50,2075.90],
  [2487.90,2063.20],
  [2735.60,2063.20],
  [3446.80,2044.20],
  [3351.50,2031.50],
  [2627.60,2018.80],
  [2697.50,2006.10],
  [2487.90,1993.40],
  [2684.80,1974.30],
  [2462.50,1968.00],
  [3135.60,1968.00],
  [3396.00,1968.00],
  [2748.30,1961.60],
  [2722.90,1961.60],
  [3230.90,1955.30],
  [2970.50,1942.60],
  [2475.20,1936.20],
  [2513.30,1923.50],
  [2926.10,1917.20],
  [2494.30,1910.80],
  [2614.90,1904.50],
  [2519.70,1891.80],
  [2589.50,1891.80],
  [3408.70,1891.80],
  [3643.60,1891.80],
  [2786.40,1885.40],
  [2659.40,1885.40],
  [2494.30,1879.10],
  [2957.80,1879.10],
  [3459.50,1879.10],
  [3053.10,1866.40],
  [2773.70,1866.40],
  [2710.20,1866.40],
  [3237.20,1853.70],
  [3326.10,1853.70],
  [2735.60,1847.30],
  [2494.30,1834.60],
  [3269.00,1834.60],
  [3307.10,1834.60],
  [3364.20,1834.60],
  [2672.10,1828.30],
  [3351.50,1821.90],
  [3472.20,1821.90],
  [2868.90,1815.60],
  [2811.80,1809.20],
  [3351.50,1802.90],
  [3294.40,1796.50],
  [2545.10,1796.50],
  [3110.20,1777.50],
  [3161.00,1777.50],
  [3281.70,1777.50],
  [3338.80,1758.40],
  [2995.90,1758.40],
  [3199.10,1720.30],
  [3002.30,1720.30],
  [2634.00,1720.30],
  [2507.00,1707.60],
  [2964.20,1707.60],
  [3059.40,1707.60],
  [3097.50,1707.60],
  [3643.60,1707.60],
  [2805.40,1701.30],
  [2583.20,1694.90],
  [3078.50,1694.90],
  [2894.30,1688.60],
  [3148.30,1682.20],
  [3218.20,1663.20],
  [3199.10,1663.20],
  [2729.20,1663.20],
  [2951.50,1650.50],
  [2430.80,1644.10],
  [2507.00,1631.40],
  [3599.20,1631.40],
  [3135.60,1625.10],
  [3078.50,1625.10],
  [3059.40,1625.10],
  [2773.70,1625.10],
  [2913.40,1618.70],
  [3307.10,1618.70],
  [3135.60,1606.00],
  [3015.00,1606.00],
  [2424.40,1599.70],
  [2830.80,1593.30],
  [3294.40,1593.30],
  [3129.30,1580.60],
  [3376.90,1567.90],
  [2614.90,1567.90],
  [2932.40,1548.90],
  [3046.20,1547.30],
  [3072.20,1547.30],
  [3098.20,1547.30],
  [3124.20,1547.30],
  [3150.20,1547.30],
  [3176.20,1547.30],
  [3202.20,1547.30],
  [3228.20,1547.30],
  [3254.20,1547.30],
  [3280.20,1547.30],
  [3306.20,1547.30],
  [3332.20,1547.30],
  [3358.20,1547.30],
  [2722.90,1536.20],
  [3065.70,1524.60],
  [3111.20,1524.60],
  [3137.20,1524.60],
  [3163.20,1524.60],
  [3189.20,1524.60],
  [3215.20,1524.60],
  [3241.20,1524.60],
  [3267.20,1524.60],
  [3293.20,1524.60],
  [3345.20,1524.60],
  [2437.10,1523.50],
  [2964.20,1510.80],
  [2741.90,1504.40],
  [2430.80,1504.40],
  [3413.50,1498.60],
  [2997.50,1492.10],
  [2824.50,1485.40],
  [3020.20,1479.10],
  [3390.70,1479.10],
  [3413.50,1472.60],
  [2837.20,1466.30],
  [2608.60,1466.30],
  [2997.50,1466.10],
  [3104.70,1466.10],
  [3130.70,1466.10],
  [3156.70,1466.10],
  [3182.70,1466.10],
  [3208.70,1466.10],
  [3234.70,1466.10],
  [3260.70,1466.10],
  [3286.70,1466.10],
  [3312.70,1466.10],
  [3413.50,1446.60],
  [3078.70,1446.60],
  [3117.70,1443.30],
  [3143.70,1443.30],
  [3169.70,1443.30],
  [3195.70,1443.30],
  [3221.70,1443.30],
  [3247.70,1443.30],
  [3273.70,1443.30],
  [2900.70,1440.90],
  [2691.10,1440.90],
  [2997.50,1440.10],
  [3332.20,1440.10],
  [2437.10,1434.60],
  [3390.70,1433.60],
  [3309.50,1427.10],
  [3020.20,1427.10],
  [2583.20,1421.90],
  [3078.70,1420.60],
  [3413.50,1420.60],
  [3283.50,1417.30],
  [3127.50,1417.30],
  [2997.50,1414.10],
  [3332.20,1414.10],
  [3237.20,1409.20],
  [3199.10,1409.20],
  [3101.50,1407.60],
  [3390.70,1407.60],
  [3440.40,1402.80],
  [2951.50,1402.80],
  [3020.20,1401.10],
  [3309.50,1401.10],
  [3413.50,1394.60],
  [3078.70,1394.60],
  [3161.00,1390.10],
  [2997.50,1388.10],
  [3332.20,1388.10],
  [2938.80,1383.80],
  [2875.30,1383.80],
  [3101.50,1381.60],
  [3390.70,1381.60],
  [3139.90,1375.40],
  [3020.20,1375.10],
  [3309.50,1375.10],
  [3413.50,1368.60],
  [3078.70,1368.60],
  [2799.10,1364.70],
  [3599.20,1364.70],
  [3332.20,1362.10],
  [2997.50,1362.10],
  [3101.50,1355.60],
  [3390.70,1355.60],
  [3269.00,1352.00],
  [2919.70,1352.00],
  [2837.20,1352.00],
  [3020.20,1349.10],
  [3309.50,1349.10],
  [2875.30,1345.70],
  [3078.70,1342.60],
  [3413.50,1342.60],
  [3484.90,1339.30],
  [2970.50,1339.30],
  [2997.50,1336.10],
  [3332.20,1336.10],
  [2913.40,1333.00],
  [3101.50,1329.60],
  [3390.70,1329.60],
  [3309.50,1323.10],
  [3243.60,1323.10],
  [3020.20,1323.10],
  [2957.80,1320.30],
  [3154.70,1320.30],
  [3078.70,1316.60],
  [3413.50,1316.60],
  [3611.90,1313.90],
  [3332.20,1310.10],
  [2997.50,1310.10],
  [3101.50,1303.60],
  [3390.70,1303.60],
  [3309.50,1297.10],
  [3020.20,1297.10],
  [2849.90,1294.90],
  [2875.30,1294.90],
  [2900.70,1294.90],
  [3542.00,1294.90],
  [3413.50,1290.60],
  [3078.70,1290.60],
  [3173.70,1288.50],
  [3332.20,1284.10],
  [2997.50,1284.10],
  [3101.50,1277.60],
  [3390.70,1277.60],
  [3309.50,1271.10],
  [3020.20,1271.10],
  [2767.30,1269.50],
  [3078.70,1264.60],
  [3413.50,1264.60],
  [2602.20,1263.10],
  [3127.50,1261.30],
  [3283.50,1261.30],
  [3332.20,1258.10],
  [2997.50,1258.10],
  [2881.60,1256.80],
  [2792.70,1256.80],
  [2557.80,1256.80],
  [3101.50,1251.60],
  [3390.70,1251.60],
  [3478.50,1250.40],
  [3020.20,1245.10],
  [2919.70,1244.10],
  [2818.10,1244.10],
  [2519.70,1244.10],
  [3078.70,1238.60],
  [3413.50,1238.60],
  [3293.20,1235.30],
  [3267.20,1235.30],
  [3241.20,1235.30],
  [3215.20,1235.30],
  [3189.20,1235.30],
  [3163.20,1235.30],
  [3137.20,1235.30],
  [2997.50,1232.10],
  [3332.20,1232.10],
  [2881.60,1225.00],
  [3098.20,1212.60],
  [3124.20,1212.60],
  [3150.20,1212.60],
  [3176.20,1212.60],
  [3202.20,1212.60],
  [3228.20,1212.60],
  [3254.20,1212.60],
  [3280.20,1212.60],
  [3306.20,1212.60],
  [3413.50,1212.60],
  [2589.50,1212.30],
  [2570.50,1212.30],
  [2997.50,1206.10],
  [3020.20,1199.60],
  [3390.70,1199.60],
  [3459.50,1199.60],
  [3484.90,1199.60],
  [2659.40,1193.30],
  [3413.50,1186.60],
  [2938.80,1180.40],
  [2997.50,1180.10],
  [3065.70,1154.10],
  [3117.70,1154.10],
  [3143.70,1154.10],
  [3169.70,1154.10],
  [3195.70,1154.10],
  [3221.70,1154.10],
  [3247.70,1154.10],
  [3273.70,1154.10],
  [3299.70,1154.10],
  [3345.20,1154.10],
  [2926.10,1142.50],
  [3052.70,1131.30],
  [3078.70,1131.30],
  [3104.70,1131.30],
  [3130.70,1131.30],
  [3156.70,1131.30],
  [3182.70,1131.30],
  [3208.70,1131.30],
  [3234.70,1131.30],
  [3260.70,1131.30],
  [3286.70,1131.30],
  [3312.70,1131.30],
  [3338.70,1131.30],
  [3364.70,1131.30],
  [2741.90,1129.80],
  [2862.60,1123.40],
  [3065.80,1098.00],
  [3034.00,1091.70],
  [2875.30,1079.00],
  [2792.70,1040.90],
  [2900.70,1028.20],
  [2837.20,1021.80],
  [2945.10,1015.50],
  [2862.60,1009.10],
  [2938.80,831.30],
  [3072.10,932.90],
  [3059.40,952.00],
  [3034.00,964.70],
  [3065.80,971.00],
  [3091.20,990.10],
  [3205.50,983.70],
  [3408.70,875.80],
  [3459.50,920.20],
  [3510.30,1015.50],
  [3364.20,1015.50],
  [3383.30,1028.20],
  [3497.60,1028.20],
  [3396.00,1053.60],
  [3294.40,1053.60],
  [3516.60,1072.60],
  [3218.20,1098.00],
  [3567.40,1104.40],
  [3554.70,1123.40],
  [3396.00,1123.40],
  [3548.40,1142.50],
  [3529.30,1155.20],
  [3408.70,1161.50],
  [3472.20,1174.20],
  [3694.40,1301.20],
  [3745.20,1275.80],
  [3745.20,1021.80]
]