[
  [1214.88,1959.49],
  [1226.70,1959.49],
  [1238.53,1959.49],
  [1250.35,1959.49],
  [1262.18,1959.49],
  [1285.82,1959.49],
  [1297.65,1959.49],
  [1350.85,1965.39],
  [1380.41,1971.30],
  [1392.24,1971.30],
  [1303.56,1953.58],
  [1173.50,1941.77],
  [1185.32,1941.77],
  [1197.15,1941.77],
  [1208.97,1941.77],
  [1339.03,1941.77],
  [1350.85,1941.77],
  [1362.68,1941.77],
  [1374.50,1941.77],
  [1386.32,1941.77],
  [1398.15,1941.77],
  [1262.18,1935.87],
  [1250.35,1935.87],
  [1238.53,1935.87],
  [1226.70,1935.87],
  [1214.88,1935.87],
  [1155.76,1935.87],
  [1143.94,1935.87],
  [1132.11,1935.87],
  [1120.29,1935.87],
  [1108.47,1935.87],
  [1138.03,1929.96],
  [1149.85,1929.96],
  [1161.67,1929.96],
  [1173.50,1929.96],
  [1185.32,1929.96],
  [1303.56,1929.96],
  [1315.38,1929.96],
  [1327.20,1929.96],
  [1339.03,1929.96],
  [1350.85,1929.96],
  [1356.77,1924.06],
  [1344.94,1924.06],
  [1333.12,1924.06],
  [1321.29,1924.06],
  [1309.47,1924.06],
  [1214.88,1924.06],
  [1203.06,1924.06],
  [1191.23,1924.06],
  [1179.41,1924.06],
  [1197.15,1918.15],
  [1208.97,1918.15],
  [1279.91,1918.15],
  [1291.73,1918.15],
  [1303.56,1918.15],
  [1386.32,1918.15],
  [1398.15,1918.15],
  [1409.97,1918.15],
  [1226.70,1912.25],
  [1214.88,1912.25],
  [1203.06,1912.25],
  [1191.23,1912.25],
  [1078.91,1906.34],
  [1090.73,1906.34],
  [1102.56,1906.34],
  [1114.38,1906.34],
  [1126.20,1906.34],
  [1138.03,1906.34],
  [1149.85,1906.34],
  [1256.26,1906.34],
  [1268.09,1906.34],
  [1279.91,1906.34],
  [1291.73,1906.34],
  [1303.56,1906.34],
  [1339.03,1906.34],
  [1350.85,1906.34],
  [1362.68,1906.34],
  [1344.94,1900.44],
  [1333.12,1900.44],
  [1321.29,1900.44],
  [1309.47,1900.44],
  [1279.91,1894.53],
  [1268.09,1894.53],
  [1256.26,1894.53],
  [1244.44,1894.53],
  [1149.85,1894.53],
  [1138.03,1894.53],
  [1126.20,1894.53],
  [1114.38,1894.53],
  [1102.56,1894.53],
  [1090.73,1894.53],
  [1285.82,1888.63],
  [1297.65,1888.63],
  [1309.47,1888.63],
  [1321.29,1888.63],
  [1409.97,1882.72],
  [1398.15,1882.72],
  [1386.32,1882.72],
  [1303.56,1882.72],
  [1291.73,1882.72],
  [1279.91,1882.72],
  [1126.20,1882.72],
  [1114.38,1882.72],
  [1102.56,1882.72],
  [1090.73,1882.72],
  [1333.12,1876.82],
  [1344.94,1876.82],
  [1356.77,1876.82],
  [1368.59,1876.82],
  [1380.41,1876.82],
  [1374.50,1870.91],
  [1362.68,1870.91],
  [1350.85,1870.91],
  [1339.03,1870.91],
  [1327.20,1870.91],
  [1244.44,1870.91],
  [1232.62,1870.91],
  [1220.79,1870.91],
  [1208.97,1870.91],
  [1197.15,1870.91],
  [1185.32,1870.91],
  [1173.50,1870.91],
  [1161.67,1870.91],
  [1149.85,1870.91],
  [1138.03,1870.91],
  [1214.88,1865.01],
  [1226.70,1865.01],
  [1238.53,1865.01],
  [1250.35,1865.01],
  [1262.18,1865.01],
  [1274.00,1865.01],
  [1285.82,1865.01],
  [1297.65,1865.01],
  [1309.47,1865.01],
  [1664.18,1746.91],
  [670.99,1746.91],
  [676.90,1741.00],
  [688.73,1741.00],
  [700.55,1741.00],
  [712.38,1741.00],
  [724.20,1741.00],
  [736.02,1741.00],
  [1670.09,1741.00],
  [1681.92,1741.00],
  [1693.74,1741.00],
  [1705.56,1741.00],
  [1717.39,1741.00],
  [1729.21,1741.00],
  [1865.18,1723.29],
  [1853.36,1723.29],
  [871.99,1723.29],
  [860.17,1723.29],
  [777.41,1522.52],
  [789.23,1522.52],
  [801.05,1522.52],
  [812.88,1522.52],
  [824.70,1522.52],
  [1770.59,1522.52],
  [1782.42,1522.52],
  [1794.24,1522.52],
  [1806.06,1522.52],
  [1817.89,1522.52],
  [1244.44,1516.61],
  [1232.62,1516.61],
  [1220.79,1516.61],
  [1208.97,1516.61],
  [1197.15,1516.61],
  [1185.32,1516.61],
  [1173.50,1516.61],
  [1161.67,1516.61],
  [1149.85,1516.61],
  [1138.03,1516.61],
  [1126.20,1516.61],
  [1114.38,1516.61],
  [1102.56,1516.61],
  [1090.73,1516.61],
  [1078.91,1516.61],
  [1067.08,1516.61],
  [1055.26,1516.61],
  [1043.44,1516.61],
  [1031.61,1516.61],
  [1019.79,1516.61],
  [1007.97,1516.61],
  [996.14,1516.61],
  [984.32,1516.61],
  [972.50,1516.61],
  [960.67,1516.61],
  [948.85,1516.61],
  [937.03,1516.61],
  [925.20,1516.61],
  [913.38,1516.61],
  [901.55,1516.61],
  [889.73,1516.61],
  [877.91,1516.61],
  [866.08,1516.61],
  [854.26,1516.61],
  [842.44,1516.61],
  [830.61,1516.61],
  [818.79,1516.61],
  [806.96,1516.61],
  [795.14,1516.61],
  [783.32,1516.61],
  [771.49,1516.61],
  [759.67,1516.61],
  [747.85,1516.61],
  [736.02,1516.61],
  [724.20,1516.61],
  [712.38,1516.61],
  [700.55,1516.61],
  [688.73,1516.61],
  [676.90,1516.61],
  [665.08,1516.61],
  [653.26,1516.61],
  [641.43,1516.61],
  [629.61,1516.61],
  [617.79,1516.61],
  [605.96,1516.61],
  [594.14,1516.61],
  [582.32,1516.61],
  [570.49,1516.61],
  [558.67,1516.61],
  [546.84,1516.61],
  [535.02,1516.61],
  [523.20,1516.61],
  [511.37,1516.61],
  [499.55,1516.61],
  [487.73,1516.61],
  [475.90,1516.61],
  [464.08,1516.61],
  [452.26,1516.61],
  [440.43,1516.61],
  [428.61,1516.61],
  [416.78,1516.61],
  [404.96,1516.61],
  [393.14,1516.61],
  [381.31,1516.61],
  [369.49,1516.61],
  [357.67,1516.61],
  [345.84,1516.61],
  [375.40,1487.08],
  [387.22,1487.08],
  [399.05,1487.08],
  [410.87,1487.08],
  [422.70,1487.08],
  [434.52,1487.08],
  [446.34,1487.08],
  [458.17,1487.08],
  [469.99,1487.08],
  [481.81,1487.08],
  [493.64,1487.08],
  [505.46,1487.08],
  [517.29,1487.08],
  [529.11,1487.08],
  [540.93,1487.08],
  [552.76,1487.08],
  [564.58,1487.08],
  [576.40,1487.08],
  [588.23,1487.08],
  [600.05,1487.08],
  [611.87,1487.08],
  [623.70,1487.08],
  [635.52,1487.08],
  [647.35,1487.08],
  [659.17,1487.08],
  [670.99,1487.08],
  [682.82,1487.08],
  [694.64,1487.08],
  [706.46,1487.08],
  [718.29,1487.08],
  [730.11,1487.08],
  [741.93,1487.08],
  [753.76,1487.08],
  [765.58,1487.08],
  [777.41,1487.08],
  [789.23,1487.08],
  [801.05,1487.08],
  [812.88,1487.08],
  [824.70,1487.08],
  [836.52,1487.08],
  [848.35,1487.08],
  [860.17,1487.08],
  [871.99,1487.08],
  [883.82,1487.08],
  [895.64,1487.08],
  [907.47,1487.08],
  [919.29,1487.08],
  [931.11,1487.08],
  [942.94,1487.08],
  [954.76,1487.08],
  [966.58,1487.08],
  [978.41,1487.08],
  [990.23,1487.08],
  [1002.05,1487.08],
  [1013.88,1487.08],
  [1025.70,1487.08],
  [1037.53,1487.08],
  [1049.35,1487.08],
  [1061.17,1487.08],
  [1073.00,1487.08],
  [1084.82,1487.08],
  [1096.64,1487.08],
  [1108.47,1487.08],
  [1120.29,1487.08],
  [1132.11,1487.08],
  [1143.94,1487.08],
  [1155.76,1487.08],
  [1167.59,1487.08],
  [1179.41,1487.08],
  [1191.23,1487.08],
  [1203.06,1487.08],
  [1214.88,1487.08],
  [2066.18,1475.28],
  [2054.36,1475.28],
  [2042.54,1475.28],
  [2030.71,1475.28],
  [2018.89,1475.28],
  [2007.07,1475.28],
  [1995.24,1475.28],
  [1983.42,1475.28],
  [1971.59,1475.28],
  [1959.77,1475.28],
  [1947.95,1475.28],
  [1936.12,1475.28],
  [1924.30,1475.28],
  [1912.48,1475.28],
  [1900.65,1475.28],
  [1888.83,1475.28],
  [1877.01,1475.28],
  [1865.18,1475.28],
  [1853.36,1475.28],
  [1841.54,1475.28],
  [1829.71,1475.28],
  [1817.89,1475.28],
  [1806.06,1475.28],
  [1794.24,1475.28],
  [1782.42,1475.28],
  [1770.59,1475.28],
  [1758.77,1475.28],
  [1746.95,1475.28],
  [1735.12,1475.28],
  [1723.30,1475.28],
  [1711.47,1475.28],
  [1699.65,1475.28],
  [1687.83,1475.28],
  [1676.00,1475.28],
  [1664.18,1475.28],
  [1652.36,1475.28],
  [1640.53,1475.28],
  [1628.71,1475.28],
  [1616.89,1475.28],
  [1605.06,1475.28],
  [1593.24,1475.28],
  [1581.41,1475.28],
  [1569.59,1475.28],
  [1557.77,1475.28],
  [1545.94,1475.28],
  [1534.12,1475.28],
  [1522.30,1475.28],
  [1510.47,1475.28],
  [1498.65,1475.28],
  [1486.82,1475.28],
  [1475.00,1475.28],
  [1463.18,1475.28],
  [1451.35,1475.28],
  [1439.53,1475.28],
  [1427.71,1475.28],
  [1415.88,1475.28],
  [1404.06,1475.28],
  [1392.24,1475.28],
  [1380.41,1475.28],
  [1368.59,1475.28],
  [1356.77,1475.28],
  [1344.94,1475.28],
  [1333.12,1475.28],
  [1321.29,1475.28],
  [1309.47,1475.28],
  [1297.65,1475.28],
  [1285.82,1475.28],
  [1274.00,1475.28],
  [1262.18,1475.28],
  [1250.35,1475.28],
  [1238.53,1475.28],
  [1226.70,1475.28],
  [1214.88,1475.28],
  [1256.26,1445.75],
  [1268.09,1445.75],
  [1279.91,1445.75],
  [1291.73,1445.75],
  [1303.56,1445.75],
  [1315.38,1445.75],
  [1327.20,1445.75],
  [1339.03,1445.75],
  [1350.85,1445.75],
  [1362.68,1445.75],
  [1374.50,1445.75],
  [1386.32,1445.75],
  [1398.15,1445.75],
  [1409.97,1445.75],
  [1421.80,1445.75],
  [1433.62,1445.75],
  [1445.44,1445.75],
  [1457.27,1445.75],
  [1469.09,1445.75],
  [1480.91,1445.75],
  [1492.74,1445.75],
  [1504.56,1445.75],
  [1516.38,1445.75],
  [1528.21,1445.75],
  [1540.03,1445.75],
  [1551.85,1445.75],
  [1563.68,1445.75],
  [1575.50,1445.75],
  [1587.33,1445.75],
  [1599.15,1445.75],
  [1610.97,1445.75],
  [1622.80,1445.75],
  [1634.62,1445.75],
  [1646.44,1445.75],
  [1658.27,1445.75],
  [1670.09,1445.75],
  [1681.92,1445.75],
  [1693.74,1445.75],
  [1705.56,1445.75],
  [1717.39,1445.75],
  [1729.21,1445.75],
  [1741.03,1445.75],
  [1752.86,1445.75],
  [1764.68,1445.75],
  [1776.51,1445.75],
  [1782.42,1416.22],
  [1770.59,1416.22],
  [1758.77,1416.22],
  [1746.95,1416.22],
  [1735.12,1416.22],
  [1723.30,1416.22],
  [1711.47,1416.22],
  [1699.65,1416.22],
  [1687.83,1416.22],
  [1676.00,1416.22],
  [1664.18,1416.22],
  [1652.36,1416.22],
  [1368.59,1416.22],
  [1356.77,1416.22],
  [1344.94,1416.22],
  [1333.12,1416.22],
  [1321.29,1416.22],
  [1309.47,1416.22],
  [1297.65,1416.22],
  [1374.50,1410.32],
  [1386.32,1410.32],
  [1398.15,1410.32],
  [1409.97,1410.32],
  [1421.80,1410.32],
  [1433.62,1410.32],
  [1445.44,1410.32],
  [1457.27,1410.32],
  [1469.09,1410.32],
  [1480.91,1410.32],
  [1492.74,1410.32],
  [1504.56,1410.32],
  [1516.38,1410.32],
  [1528.21,1410.32],
  [1540.03,1410.32],
  [1551.85,1410.32],
  [1563.68,1410.32],
  [1575.50,1410.32],
  [1587.33,1410.32],
  [1599.15,1410.32],
  [1610.97,1410.32],
  [1622.80,1410.32],
  [1634.62,1410.32],
  [1646.44,1410.32],
  [1658.27,1410.32],
  [1670.09,1410.32],
  [1681.92,1410.32],
  [1693.74,1410.32],
  [1705.56,1410.32],
  [1717.39,1410.32],
  [1729.21,1410.32],
  [1741.03,1410.32],
  [1752.86,1410.32],
  [1764.68,1410.32],
  [1776.51,1410.32],
  [1788.33,1410.32],
  [1800.15,1410.32],
  [1811.98,1410.32],
  [1823.80,1410.32],
  [1835.62,1410.32],
  [1847.45,1410.32],
  [1788.33,1398.51],
  [1776.51,1398.51],
  [1764.68,1398.51],
  [1752.86,1398.51],
  [1741.03,1398.51],
  [1729.21,1398.51],
  [1717.39,1398.51],
  [1705.56,1398.51],
  [1693.74,1398.51],
  [1681.92,1398.51],
  [1670.09,1398.51],
  [1658.27,1398.51],
  [1646.44,1398.51],
  [1782.42,1392.60],
  [1794.24,1392.60],
  [1806.06,1392.60],
  [1817.89,1392.60],
  [1817.89,1274.50],
  [1806.06,1274.50],
  [1794.24,1274.50],
  [1782.42,1274.50],
  [1770.59,1274.50],
  [1758.77,1274.50],
  [1746.95,1274.50],
  [1735.12,1274.50],
  [1723.30,1274.50],
  [1711.47,1274.50],
  [1699.65,1274.50],
  [1687.83,1274.50],
  [1676.00,1274.50],
  [1664.18,1274.50],
  [1652.36,1274.50],
  [1640.53,1274.50],
  [1628.71,1274.50],
  [1616.89,1274.50],
  [1605.06,1274.50],
  [1593.24,1274.50],
  [1581.41,1274.50],
  [1569.59,1274.50],
  [1557.77,1274.50],
  [1545.94,1274.50],
  [1534.12,1274.50],
  [1522.30,1274.50],
  [1510.47,1274.50],
  [1498.65,1274.50],
  [1486.82,1274.50],
  [1475.00,1274.50],
  [1463.18,1274.50],
  [1451.35,1274.50],
  [1439.53,1274.50],
  [1427.71,1274.50],
  [1415.88,1274.50],
  [1404.06,1274.50],
  [1392.24,1274.50],
  [1380.41,1274.50],
  [1368.59,1274.50],
  [1356.77,1274.50],
  [1344.94,1274.50],
  [1333.12,1274.50],
  [1321.29,1274.50],
  [1309.47,1274.50],
  [1297.65,1274.50],
  [1285.82,1274.50],
  [1274.00,1274.50],
  [1262.18,1274.50],
  [1250.35,1274.50],
  [1238.53,1274.50],
  [1120.29,1250.88],
  [1132.11,1250.88],
  [1143.94,1250.88],
  [1155.76,1250.88],
  [1167.59,1250.88],
  [1179.41,1250.88],
  [1191.23,1250.88],
  [1203.06,1250.88],
  [1214.88,1250.88],
  [1226.70,1250.88],
  [1238.53,1250.88],
  [1250.35,1250.88],
  [1262.18,1250.88],
  [1274.00,1250.88],
  [1285.82,1250.88],
  [1297.65,1250.88],
  [1309.47,1250.88],
  [1321.29,1250.88],
  [1333.12,1250.88],
  [1344.94,1250.88],
  [1356.77,1250.88],
  [1368.59,1250.88],
  [1380.41,1250.88],
  [1392.24,1250.88],
  [1404.06,1250.88],
  [1415.88,1250.88],
  [1427.71,1250.88],
  [1439.53,1250.88],
  [1451.35,1250.88],
  [1463.18,1250.88],
  [1475.00,1250.88],
  [1486.82,1250.88],
  [1498.65,1250.88],
  [1510.47,1250.88],
  [1522.30,1250.88],
  [1534.12,1250.88],
  [1545.94,1250.88],
  [1557.77,1250.88],
  [1569.59,1250.88],
  [1581.41,1250.88],
  [1593.24,1250.88],
  [1605.06,1250.88],
  [1616.89,1250.88],
  [1628.71,1250.88],
  [1640.53,1250.88],
  [1652.36,1250.88],
  [1664.18,1250.88],
  [1676.00,1250.88],
  [1687.83,1250.88],
  [1699.65,1250.88],
  [1711.47,1250.88],
  [1723.30,1250.88],
  [1735.12,1250.88],
  [1800.15,1244.98],
  [1788.33,1244.98],
  [1776.51,1244.98],
  [1764.68,1244.98],
  [1752.86,1244.98],
  [1741.03,1244.98],
  [1729.21,1244.98],
  [1717.39,1244.98],
  [1705.56,1244.98],
  [1693.74,1244.98],
  [1681.92,1244.98],
  [1670.09,1244.98],
  [1658.27,1244.98],
  [1646.44,1244.98],
  [1634.62,1244.98],
  [1622.80,1244.98],
  [1610.97,1244.98],
  [1599.15,1244.98],
  [1587.33,1244.98],
  [1575.50,1244.98],
  [1563.68,1244.98],
  [1551.85,1244.98],
  [1540.03,1244.98],
  [1528.21,1244.98],
  [1516.38,1244.98],
  [1504.56,1244.98],
  [1492.74,1244.98],
  [1480.91,1244.98],
  [1469.09,1244.98],
  [1457.27,1244.98],
  [1445.44,1244.98],
  [1433.62,1244.98],
  [1421.80,1244.98],
  [1409.97,1244.98],
  [1398.15,1244.98],
  [1386.32,1244.98],
  [1374.50,1244.98],
  [1362.68,1244.98],
  [1350.85,1244.98],
  [1339.03,1244.98],
  [1327.20,1244.98],
  [1315.38,1244.98],
  [1303.56,1244.98],
  [1291.73,1244.98],
  [1279.91,1244.98],
  [1268.09,1244.98],
  [1256.26,1244.98],
  [1244.44,1244.98],
  [1238.53,1227.26],
  [1250.35,1227.26],
  [1262.18,1227.26],
  [1274.00,1227.26],
  [1285.82,1227.26],
  [1297.65,1227.26],
  [1309.47,1227.26],
  [1321.29,1227.26],
  [1333.12,1227.26],
  [1344.94,1227.26],
  [1356.77,1227.26],
  [1368.59,1227.26],
  [1380.41,1227.26],
  [1392.24,1227.26],
  [1404.06,1227.26],
  [1415.88,1227.26],
  [1427.71,1227.26],
  [1439.53,1227.26],
  [1451.35,1227.26],
  [1463.18,1227.26],
  [1475.00,1227.26],
  [1486.82,1227.26],
  [1498.65,1227.26],
  [1510.47,1227.26],
  [1522.30,1227.26],
  [1534.12,1227.26],
  [1545.94,1227.26],
  [1557.77,1227.26],
  [1569.59,1227.26],
  [1581.41,1227.26],
  [1593.24,1227.26],
  [1605.06,1227.26],
  [1616.89,1227.26],
  [1628.71,1227.26],
  [1640.53,1227.26],
  [1652.36,1227.26],
  [1664.18,1227.26],
  [1676.00,1227.26],
  [1687.83,1227.26],
  [1699.65,1227.26],
  [1711.47,1227.26],
  [1723.30,1227.26],
  [1735.12,1227.26],
  [1746.95,1227.26],
  [1758.77,1227.26],
  [1770.59,1227.26],
  [1782.42,1227.26],
  [1859.27,1221.36],
  [1847.45,1221.36],
  [1835.62,1221.36],
  [1823.80,1221.36],
  [1811.98,1221.36],
  [1800.15,1221.36],
  [1788.33,1221.36],
  [1776.51,1221.36],
  [1764.68,1221.36],
  [1752.86,1221.36],
  [1741.03,1221.36],
  [1729.21,1221.36],
  [1717.39,1221.36],
  [1705.56,1221.36],
  [1693.74,1221.36],
  [1681.92,1221.36],
  [1670.09,1221.36],
  [1658.27,1221.36],
  [1646.44,1221.36],
  [1634.62,1221.36],
  [1622.80,1221.36],
  [1610.97,1221.36],
  [1599.15,1221.36],
  [1587.33,1221.36],
  [1575.50,1221.36],
  [1563.68,1221.36],
  [1551.85,1221.36],
  [1540.03,1221.36],
  [1528.21,1221.36],
  [1516.38,1221.36],
  [1504.56,1221.36],
  [1492.74,1221.36],
  [1480.91,1221.36],
  [1469.09,1221.36],
  [1457.27,1221.36],
  [1445.44,1221.36],
  [1433.62,1221.36],
  [1421.80,1221.36],
  [1409.97,1221.36],
  [1398.15,1221.36],
  [1386.32,1221.36],
  [1132.11,1156.40],
  [1143.94,1156.40],
  [1155.76,1156.40],
  [1167.59,1156.40],
  [1179.41,1156.40],
  [1191.23,1156.40],
  [1203.06,1156.40],
  [1214.88,1156.40],
  [1226.70,1156.40],
  [1238.53,1156.40],
  [1250.35,1156.40],
  [1262.18,1156.40],
  [1274.00,1156.40],
  [1285.82,1156.40],
  [1297.65,1156.40],
  [1309.47,1156.40],
  [1321.29,1156.40],
  [1333.12,1156.40],
  [1344.94,1156.40],
  [1356.77,1156.40],
  [1368.59,1156.40],
  [1380.41,1156.40],
  [1392.24,1156.40],
  [1404.06,1156.40],
  [1415.88,1156.40],
  [1427.71,1156.40],
  [1439.53,1156.40],
  [1451.35,1156.40],
  [1463.18,1156.40],
  [1475.00,1156.40],
  [1486.82,1156.40],
  [1498.65,1156.40],
  [1510.47,1156.40],
  [1522.30,1156.40],
  [1534.12,1156.40],
  [1545.94,1156.40],
  [1557.77,1156.40],
  [1569.59,1156.40],
  [1581.41,1156.40],
  [1593.24,1156.40],
  [1605.06,1156.40],
  [1616.89,1156.40],
  [1628.71,1156.40],
  [1640.53,1156.40],
  [1652.36,1156.40],
  [1664.18,1156.40],
  [1676.00,1156.40],
  [1687.83,1156.40],
  [1699.65,1156.40],
  [1711.47,1156.40],
  [1723.30,1156.40],
  [1735.12,1156.40],
  [1746.95,1156.40],
  [1232.62,1150.50],
  [1220.79,1150.50],
  [1208.97,1150.50],
  [1197.15,1150.50],
  [1185.32,1150.50],
  [1173.50,1150.50],
  [1161.67,1150.50],
  [1149.85,1150.50],
  [1138.03,1150.50],
  [1126.20,1150.50],
  [1114.38,1150.50],
  [1102.56,1150.50],
  [1090.73,1150.50],
  [1078.91,1150.50],
  [1067.08,1150.50],
  [1055.26,1150.50],
  [1043.44,1150.50],
  [1031.61,1150.50],
  [1019.79,1150.50],
  [1007.97,1150.50],
  [996.14,1150.50],
  [984.32,1150.50],
  [972.50,1150.50],
  [960.67,1150.50],
  [948.85,1150.50],
  [937.03,1150.50],
  [925.20,1150.50],
  [913.38,1150.50],
  [901.55,1150.50],
  [889.73,1150.50],
  [877.91,1150.50],
  [866.08,1150.50],
  [854.26,1150.50],
  [842.44,1150.50],
  [830.61,1150.50],
  [818.79,1150.50],
  [806.96,1150.50],
  [795.14,1150.50],
  [783.32,1150.50],
  [771.49,1150.50],
  [759.67,1150.50],
  [747.85,1150.50],
  [736.02,1150.50],
  [724.20,1150.50],
  [712.38,1150.50],
  [700.55,1150.50],
  [688.73,1150.50],
  [676.90,1150.50],
  [665.08,1150.50],
  [653.26,1150.50],
  [641.43,1150.50],
  [629.61,1150.50],
  [617.79,1150.50],
  [605.96,1150.50],
  [594.14,1150.50],
  [582.32,1150.50],
  [570.49,1150.50],
  [558.67,1150.50],
  [546.84,1150.50],
  [535.02,1150.50],
  [523.20,1150.50],
  [511.37,1150.50],
  [499.55,1150.50],
  [487.73,1150.50],
  [475.90,1150.50],
  [464.08,1150.50],
  [452.26,1150.50],
  [440.43,1150.50],
  [428.61,1150.50],
  [416.78,1150.50],
  [404.96,1150.50],
  [393.14,1150.50],
  [381.31,1150.50],
  [369.49,1150.50],
  [357.67,1150.50],
  [345.84,1150.50],
  [334.02,1150.50],
  [1120.29,1144.59],
  [1132.11,1144.59],
  [1143.94,1144.59],
  [1155.76,1144.59],
  [1167.59,1144.59],
  [1179.41,1144.59],
  [1191.23,1144.59],
  [1203.06,1144.59],
  [1214.88,1144.59],
  [1226.70,1144.59],
  [1238.53,1144.59],
  [1250.35,1144.59],
  [1262.18,1144.59],
  [1274.00,1144.59],
  [1285.82,1144.59],
  [1297.65,1144.59],
  [1309.47,1144.59],
  [1321.29,1144.59],
  [1333.12,1144.59],
  [1344.94,1144.59],
  [1356.77,1144.59],
  [1368.59,1144.59],
  [1380.41,1144.59],
  [1392.24,1144.59],
  [1404.06,1144.59],
  [1415.88,1144.59],
  [1427.71,1144.59],
  [1439.53,1144.59],
  [1451.35,1144.59],
  [1463.18,1144.59],
  [1475.00,1144.59],
  [1486.82,1144.59],
  [1498.65,1144.59],
  [1510.47,1144.59],
  [1522.30,1144.59],
  [1534.12,1144.59],
  [1545.94,1144.59],
  [1557.77,1144.59],
  [1569.59,1144.59],
  [1581.41,1144.59],
  [1593.24,1144.59],
  [1605.06,1144.59],
  [1616.89,1144.59],
  [1628.71,1144.59],
  [1640.53,1144.59],
  [1652.36,1144.59],
  [1664.18,1144.59],
  [1676.00,1144.59],
  [1687.83,1144.59],
  [1699.65,1144.59],
  [1711.47,1144.59],
  [1723.30,1144.59],
  [1735.12,1144.59],
  [1226.70,1002.87],
  [1214.88,1002.87],
  [1203.06,1002.87],
  [1191.23,1002.87],
  [1179.41,1002.87],
  [1220.79,996.97],
  [1232.62,996.97],
  [1244.44,996.97],
  [1415.88,802.10],
  [1404.06,802.10],
  [1392.24,802.10],
  [1380.41,802.10],
  [1368.59,802.10],
  [1356.77,802.10],
  [1344.94,802.10],
  [1309.47,802.10],
  [1297.65,802.10],
  [1285.82,802.10],
  [1274.00,802.10],
  [1262.18,802.10],
  [1250.35,802.10],
  [1214.88,802.10],
  [1203.06,802.10],
  [1191.23,802.10],
  [1179.41,802.10],
  [1167.59,802.10],
  [1132.11,802.10],
  [1120.29,802.10],
  [1108.47,802.10],
  [1096.64,802.10],
  [1084.82,802.10],
  [1073.00,802.10],
  [1090.73,796.20],
  [1102.56,796.20],
  [1114.38,796.20],
  [1126.20,796.20],
  [1138.03,796.20],
  [1149.85,796.20],
  [1161.67,796.20],
  [1173.50,796.20],
  [1185.32,796.20],
  [1197.15,796.20],
  [1220.79,796.20],
  [1232.62,796.20],
  [1244.44,796.20],
  [1256.26,796.20],
  [1268.09,796.20],
  [1279.91,796.20],
  [1339.03,796.20],
  [1350.85,796.20],
  [1362.68,796.20],
  [1374.50,796.20],
  [1380.41,790.29],
  [1368.59,790.29],
  [1356.77,790.29],
  [1344.94,790.29],
  [1333.12,790.29],
  [1262.18,790.29],
  [1250.35,790.29],
  [1238.53,790.29],
  [1226.70,790.29],
  [1167.59,790.29],
  [1155.76,790.29],
  [1143.94,790.29],
  [1132.11,790.29],
  [1208.97,784.39],
  [1220.79,784.39],
  [1232.62,784.39],
  [1244.44,784.39],
  [1291.73,784.39],
  [1303.56,784.39],
  [1315.38,784.39],
  [1327.20,784.39],
  [1339.03,784.39],
  [1350.85,784.39],
  [1380.41,778.48],
  [1368.59,778.48],
  [1356.77,778.48],
  [1262.18,778.48],
  [1250.35,778.48],
  [1238.53,778.48],
  [1226.70,778.48],
  [1179.41,778.48],
  [1167.59,778.48],
  [1155.76,778.48],
  [1143.94,778.48],
  [1132.11,778.48],
  [1120.29,778.48],
  [1108.47,778.48],
  [1096.64,778.48],
  [1084.82,778.48],
  [1073.00,778.48],
  [1061.17,778.48],
  [1049.35,778.48],
  [1037.53,778.48],
  [1025.70,778.48],
  [1013.88,778.48],
  [1002.05,778.48],
  [990.23,778.48],
  [978.41,778.48],
  [966.58,778.48],
  [954.76,778.48],
  [942.94,778.48],
  [931.11,778.48],
  [919.29,778.48],
  [907.47,778.48],
  [895.64,778.48],
  [883.82,778.48],
  [871.99,778.48],
  [860.17,778.48],
  [848.35,778.48],
  [836.52,778.48],
  [824.70,778.48],
  [812.88,778.48],
  [801.05,778.48],
  [789.23,778.48],
  [777.41,778.48],
  [765.58,778.48],
  [753.76,778.48],
  [741.93,778.48],
  [1173.50,772.58],
  [1279.91,772.58],
  [1291.73,772.58],
  [1303.56,772.58],
  [1315.38,772.58],
  [1339.03,772.58],
  [1350.85,772.58],
  [1362.68,772.58],
  [1374.50,772.58],
  [1386.32,772.58],
  [1398.15,772.58],
  [1409.97,772.58],
  [1321.29,766.67],
  [1226.70,766.67],
  [1214.88,766.67],
  [1203.06,766.67],
  [1090.73,760.77],
  [1102.56,760.77],
  [1114.38,760.77],
  [1126.20,760.77],
  [1138.03,760.77],
  [1208.97,760.77],
  [1220.79,760.77],
  [1232.62,760.77],
  [1256.26,760.77],
  [1268.09,760.77],
  [1279.91,760.77],
  [1291.73,760.77],
  [1350.85,760.77],
  [1333.12,754.86],
  [1321.29,754.86],
  [1309.47,754.86],
  [1214.88,754.86],
  [1203.06,754.86],
  [1191.23,754.86],
  [1143.94,754.86],
  [1138.03,748.96],
  [1149.85,748.96],
  [1232.62,748.96],
  [1244.44,748.96],
  [1368.59,743.05],
  [1356.77,743.05],
  [1274.00,743.05],
  [1167.59,731.24],
  [1155.76,731.24],
  [1143.94,731.24],
  [1132.11,731.24],
  [1120.29,731.24],
  [1108.47,731.24],
  [1386.32,725.34],
  [1398.15,725.34],
  [1392.24,719.43],
  [1380.41,719.43],
  [1368.59,719.43],
  [795.14,548.18],
  [806.96,548.18],
  [818.79,548.18],
  [830.61,548.18],
  [842.44,548.18],
  [854.26,548.18],
  [866.08,548.18],
  [877.91,548.18],
  [889.73,548.18],
  [901.55,548.18],
  [913.38,548.18],
  [925.20,548.18],
  [937.03,548.18],
  [948.85,548.18],
  [960.67,548.18],
  [972.50,548.18],
  [984.32,548.18],
  [996.14,548.18],
  [1007.97,548.18],
  [1019.79,548.18],
  [1031.61,548.18],
  [1043.44,548.18],
  [1055.26,548.18],
  [1067.08,548.18],
  [1078.91,548.18],
  [1090.73,548.18],
  [1102.56,548.18],
  [1114.38,548.18],
  [1126.20,548.18],
  [1138.03,548.18],
  [1149.85,548.18],
  [1161.67,548.18],
  [1173.50,548.18],
  [1185.32,548.18],
  [1197.15,548.18],
  [1208.97,548.18],
  [1220.79,548.18],
  [1368.59,601.33],
  [1380.41,601.33],
  [1392.24,601.33],
  [1404.06,601.33],
  [1415.88,601.33],
  [1427.71,601.33],
  [1439.53,601.33],
  [1451.35,601.33],
  [1463.18,601.33],
  [1475.00,601.33],
  [1486.82,601.33],
  [1498.65,601.33],
  [1510.47,601.33],
  [1522.30,601.33],
  [1534.12,601.33],
  [1545.94,601.33],
  [1557.77,601.33],
  [1569.59,601.33],
  [1581.41,601.33],
  [1593.24,601.33],
  [1605.06,601.33],
  [1616.89,601.33],
  [1628.71,601.33],
  [1640.53,601.33],
  [1652.36,601.33],
  [1664.18,601.33],
  [1676.00,601.33],
  [1687.83,601.33],
  [1699.65,601.33],
  [1711.47,601.33],
  [1723.30,601.33],
  [1735.12,601.33],
  [1746.95,601.33],
  [1758.77,601.33],
  [1770.59,601.33],
  [1782.42,601.33],
  [1794.24,601.33],
  [1806.06,601.33],
  [1817.89,601.33],
  [1829.71,601.33],
  [1841.54,601.33],
  [1853.36,601.33],
  [1865.18,601.33],
  [1877.01,601.33],
  [1888.83,601.33],
  [1900.65,601.33],
  [1912.48,601.33],
  [1924.30,601.33],
  [1936.12,601.33],
  [1947.95,601.33],
  [1959.77,601.33],
  [1971.59,601.33],
  [1983.42,601.33],
  [1995.24,601.33],
  [2007.07,601.33],
  [2018.89,601.33],
  [2030.71,601.33],
  [2042.54,601.33],
  [2054.36,601.33],
  [2066.18,601.33],
  [2078.01,601.33],
  [2089.83,601.33],
  [1220.79,536.37],
  [1208.97,536.37],
  [1197.15,536.37],
  [1185.32,536.37],
  [1888.83,2048.06],
  [1877.01,2048.06],
  [1865.18,2048.06],
  [1853.36,2048.06],
  [1841.53,2048.06],
  [1829.71,2048.06],
  [1817.89,2048.06],
  [1806.06,2048.06],
  [1794.24,2048.06],
  [1782.42,2048.06],
  [1770.59,2048.06],
  [1758.77,2048.06],
  [1723.30,2048.06],
  [1711.47,2048.06],
  [1664.18,2048.06],
  [1640.53,2048.06],
  [1616.89,2048.06],
  [1605.06,2048.06],
  [1569.59,2048.06],
  [1557.77,2048.06],
  [1534.12,2048.06],
  [1522.30,2048.06],
  [1510.47,2048.06],
  [1498.65,2048.06],
  [907.47,2048.06],
  [895.64,2048.06],
  [883.82,2048.06],
  [871.99,2048.06],
  [860.17,2048.06],
  [848.35,2048.06],
  [836.52,2048.06],
  [824.70,2048.06],
  [812.88,2048.06],
  [801.05,2048.06],
  [789.23,2048.06],
  [777.41,2048.06],
  [741.93,2048.06],
  [730.11,2048.06],
  [682.82,2048.06],
  [659.17,2048.06],
  [635.52,2048.06],
  [623.70,2048.06],
  [588.23,2048.06],
  [576.40,2048.06],
  [552.76,2048.06],
  [540.93,2048.06],
  [529.11,2048.06],
  [517.29,2048.06],
  [511.37,2042.16],
  [523.20,2042.16],
  [570.49,2042.16],
  [582.32,2042.16],
  [594.14,2042.16],
  [629.61,2042.16],
  [641.43,2042.16],
  [700.55,2042.16],
  [712.38,2042.16],
  [771.49,2042.16],
  [783.32,2042.16],
  [795.14,2042.16],
  [806.96,2042.16],
  [818.79,2042.16],
  [830.61,2042.16],
  [842.44,2042.16],
  [854.26,2042.16],
  [866.08,2042.16],
  [877.91,2042.16],
  [889.73,2042.16],
  [901.55,2042.16],
  [1492.74,2042.16],
  [1504.56,2042.16],
  [1551.85,2042.16],
  [1563.68,2042.16],
  [1575.50,2042.16],
  [1610.97,2042.16],
  [1622.80,2042.16],
  [1681.92,2042.16],
  [1693.74,2042.16],
  [1752.86,2042.16],
  [1764.68,2042.16],
  [1776.50,2042.16],
  [1788.33,2042.16],
  [1800.15,2042.16],
  [1811.97,2042.16],
  [1823.80,2042.16],
  [1835.62,2042.16],
  [1847.45,2042.16],
  [1859.27,2042.16],
  [1871.09,2042.16],
  [1882.92,2042.16],
  [1888.83,2036.25],
  [1877.01,2036.25],
  [1865.18,2036.25],
  [1853.36,2036.25],
  [1841.53,2036.25],
  [1829.71,2036.25],
  [1817.89,2036.25],
  [1806.06,2036.25],
  [1794.24,2036.25],
  [1782.42,2036.25],
  [1770.59,2036.25],
  [1758.77,2036.25],
  [1711.47,2036.25],
  [1699.65,2036.25],
  [1687.83,2036.25],
  [1652.36,2036.25],
  [1640.53,2036.25],
  [1557.77,2036.25],
  [1545.94,2036.25],
  [1534.12,2036.25],
  [1498.65,2036.25],
  [907.47,2036.25],
  [895.64,2036.25],
  [883.82,2036.25],
  [871.99,2036.25],
  [860.17,2036.25],
  [848.35,2036.25],
  [836.52,2036.25],
  [824.70,2036.25],
  [812.88,2036.25],
  [801.05,2036.25],
  [789.23,2036.25],
  [777.41,2036.25],
  [730.11,2036.25],
  [718.29,2036.25],
  [706.46,2036.25],
  [670.99,2036.25],
  [659.17,2036.25],
  [576.40,2036.25],
  [564.58,2036.25],
  [552.76,2036.25],
  [517.29,2036.25],
  [511.37,2030.35],
  [523.20,2030.35],
  [546.84,2030.35],
  [558.67,2030.35],
  [582.32,2030.35],
  [605.96,2030.35],
  [629.61,2030.35],
  [653.26,2030.35],
  [665.08,2030.35],
  [688.73,2030.35],
  [700.55,2030.35],
  [712.38,2030.35],
  [724.20,2030.35],
  [736.02,2030.35],
  [747.85,2030.35],
  [771.49,2030.35],
  [783.32,2030.35],
  [795.14,2030.35],
  [806.96,2030.35],
  [818.79,2030.35],
  [830.61,2030.35],
  [842.44,2030.35],
  [854.26,2030.35],
  [866.08,2030.35],
  [877.91,2030.35],
  [889.73,2030.35],
  [901.55,2030.35],
  [1492.74,2030.35],
  [1504.56,2030.35],
  [1528.21,2030.35],
  [1540.03,2030.35],
  [1563.68,2030.35],
  [1587.33,2030.35],
  [1610.97,2030.35],
  [1634.62,2030.35],
  [1646.44,2030.35],
  [1670.09,2030.35],
  [1681.92,2030.35],
  [1693.74,2030.35],
  [1705.56,2030.35],
  [1717.39,2030.35],
  [1729.21,2030.35],
  [1752.86,2030.35],
  [1764.68,2030.35],
  [1776.50,2030.35],
  [1788.33,2030.35],
  [1800.15,2030.35],
  [1811.97,2030.35],
  [1823.80,2030.35],
  [1835.62,2030.35],
  [1847.45,2030.35],
  [1859.27,2030.35],
  [1871.09,2030.35],
  [1882.92,2030.35],
  [1888.83,170.26],
  [1877.01,170.26],
  [1865.18,170.26],
  [1853.36,170.26],
  [1841.53,170.26],
  [1829.71,170.26],
  [1817.89,170.26],
  [1806.06,170.26],
  [1794.24,170.26],
  [1782.42,170.26],
  [1770.59,170.26],
  [1758.77,170.26],
  [907.47,170.26],
  [895.64,170.26],
  [883.82,170.26],
  [871.99,170.26],
  [860.17,170.26],
  [848.35,170.26],
  [836.52,170.26],
  [824.70,170.26],
  [812.88,170.26],
  [801.05,170.26],
  [789.23,170.26],
  [777.41,170.26],
  [517.29,170.26],
  [529.11,170.26],
  [540.93,170.26],
  [552.76,170.26],
  [576.40,170.26],
  [588.23,170.26],
  [623.70,170.26],
  [635.52,170.26],
  [659.17,170.26],
  [682.82,170.26],
  [730.11,170.26],
  [741.93,170.26],
  [1498.65,170.26],
  [1510.47,170.26],
  [1522.30,170.26],
  [1534.12,170.26],
  [1557.77,170.26],
  [1569.59,170.26],
  [1605.06,170.26],
  [1616.89,170.26],
  [1640.53,170.26],
  [1664.18,170.26],
  [1711.47,170.26],
  [1723.30,170.26],
  [1882.92,164.36],
  [1871.09,164.36],
  [1859.27,164.36],
  [1847.45,164.36],
  [1835.62,164.36],
  [1823.80,164.36],
  [1811.97,164.36],
  [1800.15,164.36],
  [1788.33,164.36],
  [1776.50,164.36],
  [1764.68,164.36],
  [1752.86,164.36],
  [901.55,164.36],
  [889.73,164.36],
  [877.91,164.36],
  [866.08,164.36],
  [854.26,164.36],
  [842.44,164.36],
  [830.61,164.36],
  [818.79,164.36],
  [806.96,164.36],
  [795.14,164.36],
  [783.32,164.36],
  [771.49,164.36],
  [511.37,164.36],
  [523.20,164.36],
  [570.49,164.36],
  [582.32,164.36],
  [594.14,164.36],
  [629.61,164.36],
  [641.43,164.36],
  [700.55,164.36],
  [712.38,164.36],
  [1492.74,164.36],
  [1504.56,164.36],
  [1551.85,164.36],
  [1563.68,164.36],
  [1575.50,164.36],
  [1610.97,164.36],
  [1622.80,164.36],
  [1681.92,164.36],
  [1693.74,164.36],
  [1888.83,158.45],
  [1877.01,158.45],
  [1865.18,158.45],
  [1853.36,158.45],
  [1841.53,158.45],
  [1829.71,158.45],
  [1817.89,158.45],
  [1806.06,158.45],
  [1794.24,158.45],
  [1782.42,158.45],
  [1770.59,158.45],
  [1758.77,158.45],
  [907.47,158.45],
  [895.64,158.45],
  [883.82,158.45],
  [871.99,158.45],
  [860.17,158.45],
  [848.35,158.45],
  [836.52,158.45],
  [824.70,158.45],
  [812.88,158.45],
  [801.05,158.45],
  [789.23,158.45],
  [777.41,158.45],
  [517.29,158.45],
  [552.76,158.45],
  [564.58,158.45],
  [576.40,158.45],
  [659.17,158.45],
  [670.99,158.45],
  [706.46,158.45],
  [718.29,158.45],
  [730.11,158.45],
  [1498.65,158.45],
  [1534.12,158.45],
  [1545.94,158.45],
  [1557.77,158.45],
  [1640.53,158.45],
  [1652.36,158.45],
  [1687.83,158.45],
  [1699.65,158.45],
  [1711.47,158.45],
  [1882.92,152.55],
  [1871.09,152.55],
  [1859.27,152.55],
  [1847.45,152.55],
  [1835.62,152.55],
  [1823.80,152.55],
  [1811.97,152.55],
  [1800.15,152.55],
  [1788.33,152.55],
  [1776.50,152.55],
  [1764.68,152.55],
  [1752.86,152.55],
  [901.55,152.55],
  [889.73,152.55],
  [877.91,152.55],
  [866.08,152.55],
  [854.26,152.55],
  [842.44,152.55],
  [830.61,152.55],
  [818.79,152.55],
  [806.96,152.55],
  [795.14,152.55],
  [783.32,152.55],
  [771.49,152.55],
  [511.37,152.55],
  [523.20,152.55],
  [546.84,152.55],
  [558.67,152.55],
  [582.32,152.55],
  [605.96,152.55],
  [629.61,152.55],
  [653.26,152.55],
  [665.08,152.55],
  [688.73,152.55],
  [700.55,152.55],
  [712.38,152.55],
  [724.20,152.55],
  [736.02,152.55],
  [747.85,152.55],
  [1492.74,152.55],
  [1504.56,152.55],
  [1528.21,152.55],
  [1540.03,152.55],
  [1563.68,152.55],
  [1587.33,152.55],
  [1610.97,152.55],
  [1634.62,152.55],
  [1646.44,152.55],
  [1670.09,152.55],
  [1681.92,152.55],
  [1693.74,152.55],
  [1705.56,152.55],
  [1717.39,152.55],
  [1729.21,152.55]
]