[
  [2104.61,1968.35],
  [1401.10,1968.35],
  [295.59,1968.35],
  [1235.57,1956.54],
  [1347.90,1962.44],
  [1401.10,1944.73],
  [1211.93,1944.73],
  [1211.93,1932.92],
  [1353.81,1932.92],
  [1300.60,1927.01],
  [1176.45,1921.11],
  [1211.93,1921.11],
  [1377.46,1921.11],
  [1330.16,1909.30],
  [1306.51,1909.30],
  [1235.57,1909.30],
  [1152.81,1909.30],
  [1152.81,1897.48],
  [1235.57,1897.48],
  [1306.51,1897.48],
  [1377.46,1885.68],
  [1306.51,1885.68],
  [1129.16,1885.68],
  [1129.16,1873.86],
  [1377.46,1873.86],
  [1667.14,1749.86],
  [673.95,1749.86],
  [738.98,1743.95],
  [1732.17,1743.95],
  [1850.40,1720.33],
  [857.22,1720.33],
  [366.53,1490.04],
  [774.45,1519.56],
  [1247.40,1519.56],
  [1767.64,1519.56],
  [2069.14,1478.23],
  [1371.54,1419.18],
  [1117.33,1247.93],
  [1235.57,1247.93],
  [1235.57,1271.55],
  [1779.46,1389.65],
  [1791.28,1413.27],
  [1850.40,1413.27],
  [1377.46,1224.31],
  [1235.57,1224.31],
  [331.06,1147.55],
  [1755.81,1153.45],
  [1743.99,1141.64],
  [1229.66,1005.83],
  [1217.84,994.01],
  [1140.98,799.15],
  [1200.10,799.15],
  [1223.75,799.15],
  [1247.40,799.15],
  [1341.98,799.15],
  [1377.46,799.15],
  [1170.54,793.24],
  [1200.10,787.34],
  [1223.75,787.34],
  [1330.16,787.34],
  [1347.90,781.43],
  [1182.37,781.43],
  [1176.45,775.53],
  [1223.75,775.53],
  [1330.16,775.53],
  [1324.25,769.62],
  [1276.95,769.62],
  [1194.19,769.62],
  [1140.98,763.72],
  [1200.10,763.72],
  [1294.69,763.72],
  [1341.98,763.72],
  [1247.40,751.91],
  [1223.75,539.33],
  [1365.63,598.38],
  [2104.61,232.26],
  [295.59,232.26],
  [1208.97,1959.49],
  [1220.79,1959.49],
  [1232.62,1959.49],
  [1244.44,1959.49],
  [1256.26,1959.49],
  [1291.73,1959.49],
  [1303.56,1959.49],
  [1374.50,1971.30],
  [1386.32,1971.30],
  [1398.15,1971.30],
  [1309.47,1953.58],
  [1297.65,1953.58],
  [1179.41,1941.77],
  [1191.23,1941.77],
  [1203.06,1941.77],
  [1344.94,1941.77],
  [1356.77,1941.77],
  [1368.59,1941.77],
  [1380.41,1941.77],
  [1392.24,1941.77],
  [1268.09,1935.87],
  [1256.26,1935.87],
  [1244.44,1935.87],
  [1232.62,1935.87],
  [1220.79,1935.87],
  [1161.67,1935.87],
  [1149.85,1935.87],
  [1138.03,1935.87],
  [1126.20,1935.87],
  [1114.38,1935.87],
  [1132.11,1929.96],
  [1143.94,1929.96],
  [1155.76,1929.96],
  [1167.59,1929.96],
  [1179.41,1929.96],
  [1309.47,1929.96],
  [1321.29,1929.96],
  [1333.12,1929.96],
  [1344.94,1929.96],
  [1362.68,1924.06],
  [1350.85,1924.06],
  [1339.03,1924.06],
  [1327.20,1924.06],
  [1315.38,1924.06],
  [1303.56,1924.06],
  [1220.79,1924.06],
  [1208.97,1924.06],
  [1197.15,1924.06],
  [1185.32,1924.06],
  [1203.06,1918.15],
  [1274.00,1918.15],
  [1285.82,1918.15],
  [1297.65,1918.15],
  [1309.47,1918.15],
  [1380.41,1918.15],
  [1392.24,1918.15],
  [1404.06,1918.15],
  [1415.88,1918.15],
  [1232.62,1912.25],
  [1220.79,1912.25],
  [1208.97,1912.25],
  [1197.15,1912.25],
  [1073.00,1906.34],
  [1084.82,1906.34],
  [1096.64,1906.34],
  [1108.47,1906.34],
  [1120.29,1906.34],
  [1132.11,1906.34],
  [1143.94,1906.34],
  [1262.18,1906.34],
  [1274.00,1906.34],
  [1285.82,1906.34],
  [1297.65,1906.34],
  [1333.12,1906.34],
  [1344.94,1906.34],
  [1356.77,1906.34],
  [1368.59,1906.34],
  [1350.85,1900.44],
  [1339.03,1900.44],
  [1327.20,1900.44],
  [1315.38,1900.44],
  [1285.82,1894.53],
  [1274.00,1894.53],
  [1262.18,1894.53],
  [1250.35,1894.53],
  [1238.53,1894.53],
  [1143.94,1894.53],
  [1132.11,1894.53],
  [1120.29,1894.53],
  [1108.47,1894.53],
  [1096.64,1894.53],
  [1279.91,1888.63],
  [1291.73,1888.63],
  [1303.56,1888.63],
  [1315.38,1888.63],
  [1415.88,1882.72],
  [1404.06,1882.72],
  [1392.24,1882.72],
  [1380.41,1882.72],
  [1297.65,1882.72],
  [1285.82,1882.72],
  [1120.29,1882.72],
  [1108.47,1882.72],
  [1096.64,1882.72],
  [1084.82,1882.72],
  [1327.20,1876.82],
  [1339.03,1876.82],
  [1350.85,1876.82],
  [1362.68,1876.82],
  [1374.50,1876.82],
  [1386.32,1876.82],
  [1368.59,1870.91],
  [1356.77,1870.91],
  [1344.94,1870.91],
  [1333.12,1870.91],
  [1238.53,1870.91],
  [1226.70,1870.91],
  [1214.88,1870.91],
  [1203.06,1870.91],
  [1191.23,1870.91],
  [1179.41,1870.91],
  [1167.59,1870.91],
  [1155.76,1870.91],
  [1143.94,1870.91],
  [1132.11,1870.91],
  [1220.79,1865.01],
  [1232.62,1865.01],
  [1244.44,1865.01],
  [1256.26,1865.01],
  [1268.09,1865.01],
  [1279.91,1865.01],
  [1291.73,1865.01],
  [1303.56,1865.01],
  [1658.27,1746.91],
  [665.08,1746.91],
  [670.99,1741.00],
  [682.82,1741.00],
  [694.64,1741.00],
  [706.46,1741.00],
  [718.29,1741.00],
  [730.11,1741.00],
  [1664.18,1741.00],
  [1676.00,1741.00],
  [1687.83,1741.00],
  [1699.65,1741.00],
  [1711.47,1741.00],
  [1723.30,1741.00],
  [1871.09,1723.29],
  [1859.27,1723.29],
  [877.91,1723.29],
  [866.08,1723.29],
  [783.32,1522.52],
  [795.14,1522.52],
  [806.96,1522.52],
  [818.79,1522.52],
  [830.61,1522.52],
  [1776.51,1522.52],
  [1788.33,1522.52],
  [1800.15,1522.52],
  [1811.98,1522.52],
  [1823.80,1522.52],
  [1238.53,1516.61],
  [1226.70,1516.61],
  [1214.88,1516.61],
  [1203.06,1516.61],
  [1191.23,1516.61],
  [1179.41,1516.61],
  [1167.59,1516.61],
  [1155.76,1516.61],
  [1143.94,1516.61],
  [1132.11,1516.61],
  [1120.29,1516.61],
  [1108.47,1516.61],
  [1096.64,1516.61],
  [1084.82,1516.61],
  [1073.00,1516.61],
  [1061.17,1516.61],
  [1049.35,1516.61],
  [1037.53,1516.61],
  [1025.70,1516.61],
  [1013.88,1516.61],
  [1002.05,1516.61],
  [990.23,1516.61],
  [978.41,1516.61],
  [966.58,1516.61],
  [954.76,1516.61],
  [942.94,1516.61],
  [931.11,1516.61],
  [919.29,1516.61],
  [907.47,1516.61],
  [895.64,1516.61],
  [883.82,1516.61],
  [871.99,1516.61],
  [860.17,1516.61],
  [848.35,1516.61],
  [836.52,1516.61],
  [824.70,1516.61],
  [812.88,1516.61],
  [801.05,1516.61],
  [789.23,1516.61],
  [777.41,1516.61],
  [765.58,1516.61],
  [753.76,1516.61],
  [741.93,1516.61],
  [730.11,1516.61],
  [718.29,1516.61],
  [706.46,1516.61],
  [694.64,1516.61],
  [682.82,1516.61],
  [670.99,1516.61],
  [659.17,1516.61],
  [647.35,1516.61],
  [635.52,1516.61],
  [623.70,1516.61],
  [611.87,1516.61],
  [600.05,1516.61],
  [588.23,1516.61],
  [576.40,1516.61],
  [564.58,1516.61],
  [552.76,1516.61],
  [540.93,1516.61],
  [529.11,1516.61],
  [517.29,1516.61],
  [505.46,1516.61],
  [493.64,1516.61],
  [481.81,1516.61],
  [469.99,1516.61],
  [458.17,1516.61],
  [446.34,1516.61],
  [434.52,1516.61],
  [422.70,1516.61],
  [410.87,1516.61],
  [399.05,1516.61],
  [387.22,1516.61],
  [375.40,1516.61],
  [363.58,1516.61],
  [351.75,1516.61],
  [369.49,1487.08],
  [381.31,1487.08],
  [393.14,1487.08],
  [404.96,1487.08],
  [416.78,1487.08],
  [428.61,1487.08],
  [440.43,1487.08],
  [452.26,1487.08],
  [464.08,1487.08],
  [475.90,1487.08],
  [487.73,1487.08],
  [499.55,1487.08],
  [511.37,1487.08],
  [523.20,1487.08],
  [535.02,1487.08],
  [546.84,1487.08],
  [558.67,1487.08],
  [570.49,1487.08],
  [582.32,1487.08],
  [594.14,1487.08],
  [605.96,1487.08],
  [617.79,1487.08],
  [629.61,1487.08],
  [641.43,1487.08],
  [653.26,1487.08],
  [665.08,1487.08],
  [676.90,1487.08],
  [688.73,1487.08],
  [700.55,1487.08],
  [712.38,1487.08],
  [724.20,1487.08],
  [736.02,1487.08],
  [747.85,1487.08],
  [759.67,1487.08],
  [771.49,1487.08],
  [783.32,1487.08],
  [795.14,1487.08],
  [806.96,1487.08],
  [818.79,1487.08],
  [830.61,1487.08],
  [842.44,1487.08],
  [854.26,1487.08],
  [866.08,1487.08],
  [877.91,1487.08],
  [889.73,1487.08],
  [901.55,1487.08],
  [913.38,1487.08],
  [925.20,1487.08],
  [937.03,1487.08],
  [948.85,1487.08],
  [960.67,1487.08],
  [972.50,1487.08],
  [984.32,1487.08],
  [996.14,1487.08],
  [1007.97,1487.08],
  [1019.79,1487.08],
  [1031.61,1487.08],
  [1043.44,1487.08],
  [1055.26,1487.08],
  [1067.08,1487.08],
  [1078.91,1487.08],
  [1090.73,1487.08],
  [1102.56,1487.08],
  [1114.38,1487.08],
  [1126.20,1487.08],
  [1138.03,1487.08],
  [1149.85,1487.08],
  [1161.67,1487.08],
  [1173.50,1487.08],
  [1185.32,1487.08],
  [1197.15,1487.08],
  [1208.97,1487.08],
  [2060.27,1475.28],
  [2048.45,1475.28],
  [2036.62,1475.28],
  [2024.80,1475.28],
  [2012.98,1475.28],
  [2001.15,1475.28],
  [1989.33,1475.28],
  [1977.51,1475.28],
  [1965.68,1475.28],
  [1953.86,1475.28],
  [1942.04,1475.28],
  [1930.21,1475.28],
  [1918.39,1475.28],
  [1906.56,1475.28],
  [1894.74,1475.28],
  [1882.92,1475.28],
  [1871.09,1475.28],
  [1859.27,1475.28],
  [1847.45,1475.28],
  [1835.62,1475.28],
  [1823.80,1475.28],
  [1811.98,1475.28],
  [1800.15,1475.28],
  [1788.33,1475.28],
  [1776.51,1475.28],
  [1764.68,1475.28],
  [1752.86,1475.28],
  [1741.03,1475.28],
  [1729.21,1475.28],
  [1717.39,1475.28],
  [1705.56,1475.28],
  [1693.74,1475.28],
  [1681.92,1475.28],
  [1670.09,1475.28],
  [1658.27,1475.28],
  [1646.44,1475.28],
  [1634.62,1475.28],
  [1622.80,1475.28],
  [1610.97,1475.28],
  [1599.15,1475.28],
  [1587.33,1475.28],
  [1575.50,1475.28],
  [1563.68,1475.28],
  [1551.85,1475.28],
  [1540.03,1475.28],
  [1528.21,1475.28],
  [1516.38,1475.28],
  [1504.56,1475.28],
  [1492.74,1475.28],
  [1480.91,1475.28],
  [1469.09,1475.28],
  [1457.27,1475.28],
  [1445.44,1475.28],
  [1433.62,1475.28],
  [1421.80,1475.28],
  [1409.97,1475.28],
  [1398.15,1475.28],
  [1386.32,1475.28],
  [1374.50,1475.28],
  [1362.68,1475.28],
  [1350.85,1475.28],
  [1339.03,1475.28],
  [1327.20,1475.28],
  [1315.38,1475.28],
  [1303.56,1475.28],
  [1291.73,1475.28],
  [1279.91,1475.28],
  [1268.09,1475.28],
  [1256.26,1475.28],
  [1244.44,1475.28],
  [1232.62,1475.28],
  [1220.79,1475.28],
  [1250.35,1445.75],
  [1262.18,1445.75],
  [1274.00,1445.75],
  [1285.82,1445.75],
  [1297.65,1445.75],
  [1309.47,1445.75],
  [1321.29,1445.75],
  [1333.12,1445.75],
  [1344.94,1445.75],
  [1356.77,1445.75],
  [1368.59,1445.75],
  [1380.41,1445.75],
  [1392.24,1445.75],
  [1404.06,1445.75],
  [1415.88,1445.75],
  [1427.71,1445.75],
  [1439.53,1445.75],
  [1451.35,1445.75],
  [1463.18,1445.75],
  [1475.00,1445.75],
  [1486.82,1445.75],
  [1498.65,1445.75],
  [1510.47,1445.75],
  [1522.30,1445.75],
  [1534.12,1445.75],
  [1545.94,1445.75],
  [1557.77,1445.75],
  [1569.59,1445.75],
  [1581.41,1445.75],
  [1593.24,1445.75],
  [1605.06,1445.75],
  [1616.89,1445.75],
  [1628.71,1445.75],
  [1640.53,1445.75],
  [1652.36,1445.75],
  [1664.18,1445.75],
  [1676.00,1445.75],
  [1687.83,1445.75],
  [1699.65,1445.75],
  [1711.47,1445.75],
  [1723.30,1445.75],
  [1735.12,1445.75],
  [1746.95,1445.75],
  [1758.77,1445.75],
  [1770.59,1445.75],
  [1782.42,1445.75],
  [1788.33,1416.22],
  [1776.51,1416.22],
  [1764.68,1416.22],
  [1752.86,1416.22],
  [1741.03,1416.22],
  [1729.21,1416.22],
  [1717.39,1416.22],
  [1705.56,1416.22],
  [1693.74,1416.22],
  [1681.92,1416.22],
  [1670.09,1416.22],
  [1658.27,1416.22],
  [1646.44,1416.22],
  [1362.68,1416.22],
  [1350.85,1416.22],
  [1339.03,1416.22],
  [1327.20,1416.22],
  [1315.38,1416.22],
  [1303.56,1416.22],
  [1291.73,1416.22],
  [1368.59,1410.32],
  [1380.41,1410.32],
  [1392.24,1410.32],
  [1404.06,1410.32],
  [1415.88,1410.32],
  [1427.71,1410.32],
  [1439.53,1410.32],
  [1451.35,1410.32],
  [1463.18,1410.32],
  [1475.00,1410.32],
  [1486.82,1410.32],
  [1498.65,1410.32],
  [1510.47,1410.32],
  [1522.30,1410.32],
  [1534.12,1410.32],
  [1545.94,1410.32],
  [1557.77,1410.32],
  [1569.59,1410.32],
  [1581.41,1410.32],
  [1593.24,1410.32],
  [1605.06,1410.32],
  [1616.89,1410.32],
  [1628.71,1410.32],
  [1640.53,1410.32],
  [1652.36,1410.32],
  [1664.18,1410.32],
  [1676.00,1410.32],
  [1687.83,1410.32],
  [1699.65,1410.32],
  [1711.47,1410.32],
  [1723.30,1410.32],
  [1735.12,1410.32],
  [1746.95,1410.32],
  [1758.77,1410.32],
  [1770.59,1410.32],
  [1782.42,1410.32],
  [1794.24,1410.32],
  [1806.06,1410.32],
  [1817.89,1410.32],
  [1829.71,1410.32],
  [1841.54,1410.32],
  [1794.24,1398.51],
  [1782.42,1398.51],
  [1770.59,1398.51],
  [1758.77,1398.51],
  [1746.95,1398.51],
  [1735.12,1398.51],
  [1723.30,1398.51],
  [1711.47,1398.51],
  [1699.65,1398.51],
  [1687.83,1398.51],
  [1676.00,1398.51],
  [1664.18,1398.51],
  [1652.36,1398.51],
  [1640.53,1398.51],
  [1788.33,1392.60],
  [1800.15,1392.60],
  [1811.98,1392.60],
  [1811.98,1274.50],
  [1800.15,1274.50],
  [1788.33,1274.50],
  [1776.51,1274.50],
  [1764.68,1274.50],
  [1752.86,1274.50],
  [1741.03,1274.50],
  [1729.21,1274.50],
  [1717.39,1274.50],
  [1705.56,1274.50],
  [1693.74,1274.50],
  [1681.92,1274.50],
  [1670.09,1274.50],
  [1658.27,1274.50],
  [1646.44,1274.50],
  [1634.62,1274.50],
  [1622.80,1274.50],
  [1610.97,1274.50],
  [1599.15,1274.50],
  [1587.33,1274.50],
  [1575.50,1274.50],
  [1563.68,1274.50],
  [1551.85,1274.50],
  [1540.03,1274.50],
  [1528.21,1274.50],
  [1516.38,1274.50],
  [1504.56,1274.50],
  [1492.74,1274.50],
  [1480.91,1274.50],
  [1469.09,1274.50],
  [1457.27,1274.50],
  [1445.44,1274.50],
  [1433.62,1274.50],
  [1421.80,1274.50],
  [1409.97,1274.50],
  [1398.15,1274.50],
  [1386.32,1274.50],
  [1374.50,1274.50],
  [1362.68,1274.50],
  [1350.85,1274.50],
  [1339.03,1274.50],
  [1327.20,1274.50],
  [1315.38,1274.50],
  [1303.56,1274.50],
  [1291.73,1274.50],
  [1279.91,1274.50],
  [1268.09,1274.50],
  [1256.26,1274.50],
  [1244.44,1274.50],
  [1126.20,1250.88],
  [1138.03,1250.88],
  [1149.85,1250.88],
  [1161.67,1250.88],
  [1173.50,1250.88],
  [1185.32,1250.88],
  [1197.15,1250.88],
  [1208.97,1250.88],
  [1220.79,1250.88],
  [1232.62,1250.88],
  [1244.44,1250.88],
  [1256.26,1250.88],
  [1268.09,1250.88],
  [1279.91,1250.88],
  [1291.73,1250.88],
  [1303.56,1250.88],
  [1315.38,1250.88],
  [1327.20,1250.88],
  [1339.03,1250.88],
  [1350.85,1250.88],
  [1362.68,1250.88],
  [1374.50,1250.88],
  [1386.32,1250.88],
  [1398.15,1250.88],
  [1409.97,1250.88],
  [1421.80,1250.88],
  [1433.62,1250.88],
  [1445.44,1250.88],
  [1457.27,1250.88],
  [1469.09,1250.88],
  [1480.91,1250.88],
  [1492.74,1250.88],
  [1504.56,1250.88],
  [1516.38,1250.88],
  [1528.21,1250.88],
  [1540.03,1250.88],
  [1551.85,1250.88],
  [1563.68,1250.88],
  [1575.50,1250.88],
  [1587.33,1250.88],
  [1599.15,1250.88],
  [1610.97,1250.88],
  [1622.80,1250.88],
  [1634.62,1250.88],
  [1646.44,1250.88],
  [1658.27,1250.88],
  [1670.09,1250.88],
  [1681.92,1250.88],
  [1693.74,1250.88],
  [1705.56,1250.88],
  [1717.39,1250.88],
  [1729.21,1250.88],
  [1741.03,1250.88],
  [1806.06,1244.98],
  [1794.24,1244.98],
  [1782.42,1244.98],
  [1770.59,1244.98],
  [1758.77,1244.98],
  [1746.95,1244.98],
  [1735.12,1244.98],
  [1723.30,1244.98],
  [1711.47,1244.98],
  [1699.65,1244.98],
  [1687.83,1244.98],
  [1676.00,1244.98],
  [1664.18,1244.98],
  [1652.36,1244.98],
  [1640.53,1244.98],
  [1628.71,1244.98],
  [1616.89,1244.98],
  [1605.06,1244.98],
  [1593.24,1244.98],
  [1581.41,1244.98],
  [1569.59,1244.98],
  [1557.77,1244.98],
  [1545.94,1244.98],
  [1534.12,1244.98],
  [1522.30,1244.98],
  [1510.47,1244.98],
  [1498.65,1244.98],
  [1486.82,1244.98],
  [1475.00,1244.98],
  [1463.18,1244.98],
  [1451.35,1244.98],
  [1439.53,1244.98],
  [1427.71,1244.98],
  [1415.88,1244.98],
  [1404.06,1244.98],
  [1392.24,1244.98],
  [1380.41,1244.98],
  [1368.59,1244.98],
  [1356.77,1244.98],
  [1344.94,1244.98],
  [1333.12,1244.98],
  [1321.29,1244.98],
  [1309.47,1244.98],
  [1297.65,1244.98],
  [1285.82,1244.98],
  [1274.00,1244.98],
  [1262.18,1244.98],
  [1250.35,1244.98],
  [1238.53,1244.98],
  [1244.44,1227.26],
  [1256.26,1227.26],
  [1268.09,1227.26],
  [1279.91,1227.26],
  [1291.73,1227.26],
  [1303.56,1227.26],
  [1315.38,1227.26],
  [1327.20,1227.26],
  [1339.03,1227.26],
  [1350.85,1227.26],
  [1362.68,1227.26],
  [1374.50,1227.26],
  [1386.32,1227.26],
  [1398.15,1227.26],
  [1409.97,1227.26],
  [1421.80,1227.26],
  [1433.62,1227.26],
  [1445.44,1227.26],
  [1457.27,1227.26],
  [1469.09,1227.26],
  [1480.91,1227.26],
  [1492.74,1227.26],
  [1504.56,1227.26],
  [1516.38,1227.26],
  [1528.21,1227.26],
  [1540.03,1227.26],
  [1551.85,1227.26],
  [1563.68,1227.26],
  [1575.50,1227.26],
  [1587.33,1227.26],
  [1599.15,1227.26],
  [1610.97,1227.26],
  [1622.80,1227.26],
  [1634.62,1227.26],
  [1646.44,1227.26],
  [1658.27,1227.26],
  [1670.09,1227.26],
  [1681.92,1227.26],
  [1693.74,1227.26],
  [1705.56,1227.26],
  [1717.39,1227.26],
  [1729.21,1227.26],
  [1741.03,1227.26],
  [1752.86,1227.26],
  [1764.68,1227.26],
  [1776.51,1227.26],
  [1788.33,1227.26],
  [1853.36,1221.36],
  [1841.54,1221.36],
  [1829.71,1221.36],
  [1817.89,1221.36],
  [1806.06,1221.36],
  [1794.24,1221.36],
  [1782.42,1221.36],
  [1770.59,1221.36],
  [1758.77,1221.36],
  [1746.95,1221.36],
  [1735.12,1221.36],
  [1723.30,1221.36],
  [1711.47,1221.36],
  [1699.65,1221.36],
  [1687.83,1221.36],
  [1676.00,1221.36],
  [1664.18,1221.36],
  [1652.36,1221.36],
  [1640.53,1221.36],
  [1628.71,1221.36],
  [1616.89,1221.36],
  [1605.06,1221.36],
  [1593.24,1221.36],
  [1581.41,1221.36],
  [1569.59,1221.36],
  [1557.77,1221.36],
  [1545.94,1221.36],
  [1534.12,1221.36],
  [1522.30,1221.36],
  [1510.47,1221.36],
  [1498.65,1221.36],
  [1486.82,1221.36],
  [1475.00,1221.36],
  [1463.18,1221.36],
  [1451.35,1221.36],
  [1439.53,1221.36],
  [1427.71,1221.36],
  [1415.88,1221.36],
  [1404.06,1221.36],
  [1392.24,1221.36],
  [1380.41,1221.36],
  [1138.03,1156.40],
  [1149.85,1156.40],
  [1161.67,1156.40],
  [1173.50,1156.40],
  [1185.32,1156.40],
  [1197.15,1156.40],
  [1208.97,1156.40],
  [1220.79,1156.40],
  [1232.62,1156.40],
  [1244.44,1156.40],
  [1256.26,1156.40],
  [1268.09,1156.40],
  [1279.91,1156.40],
  [1291.73,1156.40],
  [1303.56,1156.40],
  [1315.38,1156.40],
  [1327.20,1156.40],
  [1339.03,1156.40],
  [1350.85,1156.40],
  [1362.68,1156.40],
  [1374.50,1156.40],
  [1386.32,1156.40],
  [1398.15,1156.40],
  [1409.97,1156.40],
  [1421.80,1156.40],
  [1433.62,1156.40],
  [1445.44,1156.40],
  [1457.27,1156.40],
  [1469.09,1156.40],
  [1480.91,1156.40],
  [1492.74,1156.40],
  [1504.56,1156.40],
  [1516.38,1156.40],
  [1528.21,1156.40],
  [1540.03,1156.40],
  [1551.85,1156.40],
  [1563.68,1156.40],
  [1575.50,1156.40],
  [1587.33,1156.40],
  [1599.15,1156.40],
  [1610.97,1156.40],
  [1622.80,1156.40],
  [1634.62,1156.40],
  [1646.44,1156.40],
  [1658.27,1156.40],
  [1670.09,1156.40],
  [1681.92,1156.40],
  [1693.74,1156.40],
  [1705.56,1156.40],
  [1717.39,1156.40],
  [1729.21,1156.40],
  [1741.03,1156.40],
  [1752.86,1156.40],
  [1226.70,1150.50],
  [1214.88,1150.50],
  [1203.06,1150.50],
  [1191.23,1150.50],
  [1179.41,1150.50],
  [1167.59,1150.50],
  [1155.76,1150.50],
  [1143.94,1150.50],
  [1132.11,1150.50],
  [1120.29,1150.50],
  [1108.47,1150.50],
  [1096.64,1150.50],
  [1084.82,1150.50],
  [1073.00,1150.50],
  [1061.17,1150.50],
  [1049.35,1150.50],
  [1037.53,1150.50],
  [1025.70,1150.50],
  [1013.88,1150.50],
  [1002.05,1150.50],
  [990.23,1150.50],
  [978.41,1150.50],
  [966.58,1150.50],
  [954.76,1150.50],
  [942.94,1150.50],
  [931.11,1150.50],
  [919.29,1150.50],
  [907.47,1150.50],
  [895.64,1150.50],
  [883.82,1150.50],
  [871.99,1150.50],
  [860.17,1150.50],
  [848.35,1150.50],
  [836.52,1150.50],
  [824.70,1150.50],
  [812.88,1150.50],
  [801.05,1150.50],
  [789.23,1150.50],
  [777.41,1150.50],
  [765.58,1150.50],
  [753.76,1150.50],
  [741.93,1150.50],
  [730.11,1150.50],
  [718.29,1150.50],
  [706.46,1150.50],
  [694.64,1150.50],
  [682.82,1150.50],
  [670.99,1150.50],
  [659.17,1150.50],
  [647.35,1150.50],
  [635.52,1150.50],
  [623.70,1150.50],
  [611.87,1150.50],
  [600.05,1150.50],
  [588.23,1150.50],
  [576.40,1150.50],
  [564.58,1150.50],
  [552.76,1150.50],
  [540.93,1150.50],
  [529.11,1150.50],
  [517.29,1150.50],
  [505.46,1150.50],
  [493.64,1150.50],
  [481.81,1150.50],
  [469.99,1150.50],
  [458.17,1150.50],
  [446.34,1150.50],
  [434.52,1150.50],
  [422.70,1150.50],
  [410.87,1150.50],
  [399.05,1150.50],
  [387.22,1150.50],
  [375.40,1150.50],
  [363.58,1150.50],
  [351.75,1150.50],
  [339.93,1150.50],
  [1126.20,1144.59],
  [1138.03,1144.59],
  [1149.85,1144.59],
  [1161.67,1144.59],
  [1173.50,1144.59],
  [1185.32,1144.59],
  [1197.15,1144.59],
  [1208.97,1144.59],
  [1220.79,1144.59],
  [1232.62,1144.59],
  [1244.44,1144.59],
  [1256.26,1144.59],
  [1268.09,1144.59],
  [1279.91,1144.59],
  [1291.73,1144.59],
  [1303.56,1144.59],
  [1315.38,1144.59],
  [1327.20,1144.59],
  [1339.03,1144.59],
  [1350.85,1144.59],
  [1362.68,1144.59],
  [1374.50,1144.59],
  [1386.32,1144.59],
  [1398.15,1144.59],
  [1409.97,1144.59],
  [1421.80,1144.59],
  [1433.62,1144.59],
  [1445.44,1144.59],
  [1457.27,1144.59],
  [1469.09,1144.59],
  [1480.91,1144.59],
  [1492.74,1144.59],
  [1504.56,1144.59],
  [1516.38,1144.59],
  [1528.21,1144.59],
  [1540.03,1144.59],
  [1551.85,1144.59],
  [1563.68,1144.59],
  [1575.50,1144.59],
  [1587.33,1144.59],
  [1599.15,1144.59],
  [1610.97,1144.59],
  [1622.80,1144.59],
  [1634.62,1144.59],
  [1646.44,1144.59],
  [1658.27,1144.59],
  [1670.09,1144.59],
  [1681.92,1144.59],
  [1693.74,1144.59],
  [1705.56,1144.59],
  [1717.39,1144.59],
  [1729.21,1144.59],
  [1741.03,1144.59],
  [1220.79,1002.87],
  [1208.97,1002.87],
  [1197.15,1002.87],
  [1185.32,1002.87],
  [1173.50,1002.87],
  [1226.70,996.97],
  [1238.53,996.97],
  [1250.35,996.97],
  [1409.97,802.10],
  [1398.15,802.10],
  [1386.32,802.10],
  [1374.50,802.10],
  [1362.68,802.10],
  [1350.85,802.10],
  [1303.56,802.10],
  [1291.73,802.10],
  [1279.91,802.10],
  [1268.09,802.10],
  [1256.26,802.10],
  [1220.79,802.10],
  [1208.97,802.10],
  [1197.15,802.10],
  [1185.32,802.10],
  [1173.50,802.10],
  [1138.03,802.10],
  [1126.20,802.10],
  [1114.38,802.10],
  [1102.56,802.10],
  [1090.73,802.10],
  [1078.91,802.10],
  [1084.82,796.20],
  [1096.64,796.20],
  [1108.47,796.20],
  [1120.29,796.20],
  [1132.11,796.20],
  [1143.94,796.20],
  [1155.76,796.20],
  [1167.59,796.20],
  [1179.41,796.20],
  [1191.23,796.20],
  [1226.70,796.20],
  [1238.53,796.20],
  [1250.35,796.20],
  [1262.18,796.20],
  [1274.00,796.20],
  [1285.82,796.20],
  [1344.94,796.20],
  [1356.77,796.20],
  [1368.59,796.20],
  [1386.32,790.29],
  [1374.50,790.29],
  [1362.68,790.29],
  [1350.85,790.29],
  [1339.03,790.29],
  [1268.09,790.29],
  [1256.26,790.29],
  [1244.44,790.29],
  [1232.62,790.29],
  [1161.67,790.29],
  [1149.85,790.29],
  [1138.03,790.29],
  [1126.20,790.29],
  [1203.06,784.39],
  [1214.88,784.39],
  [1226.70,784.39],
  [1238.53,784.39],
  [1285.82,784.39],
  [1297.65,784.39],
  [1309.47,784.39],
  [1321.29,784.39],
  [1333.12,784.39],
  [1344.94,784.39],
  [1374.50,778.48],
  [1362.68,778.48],
  [1350.85,778.48],
  [1256.26,778.48],
  [1244.44,778.48],
  [1232.62,778.48],
  [1173.50,778.48],
  [1161.67,778.48],
  [1149.85,778.48],
  [1138.03,778.48],
  [1126.20,778.48],
  [1114.38,778.48],
  [1102.56,778.48],
  [1090.73,778.48],
  [1078.91,778.48],
  [1067.08,778.48],
  [1055.26,778.48],
  [1043.44,778.48],
  [1031.61,778.48],
  [1019.79,778.48],
  [1007.97,778.48],
  [996.14,778.48],
  [984.32,778.48],
  [972.50,778.48],
  [960.67,778.48],
  [948.85,778.48],
  [937.03,778.48],
  [925.20,778.48],
  [913.38,778.48],
  [901.55,778.48],
  [889.73,778.48],
  [877.91,778.48],
  [866.08,778.48],
  [854.26,778.48],
  [842.44,778.48],
  [830.61,778.48],
  [818.79,778.48],
  [806.96,778.48],
  [795.14,778.48],
  [783.32,778.48],
  [771.49,778.48],
  [759.67,778.48],
  [747.85,778.48],
  [736.02,778.48],
  [1167.59,772.58],
  [1285.82,772.58],
  [1297.65,772.58],
  [1309.47,772.58],
  [1321.29,772.58],
  [1333.12,772.58],
  [1344.94,772.58],
  [1356.77,772.58],
  [1368.59,772.58],
  [1380.41,772.58],
  [1392.24,772.58],
  [1404.06,772.58],
  [1415.88,772.58],
  [1327.20,766.67],
  [1315.38,766.67],
  [1232.62,766.67],
  [1220.79,766.67],
  [1208.97,766.67],
  [1197.15,766.67],
  [1096.64,760.77],
  [1108.47,760.77],
  [1120.29,760.77],
  [1132.11,760.77],
  [1203.06,760.77],
  [1214.88,760.77],
  [1226.70,760.77],
  [1238.53,760.77],
  [1262.18,760.77],
  [1274.00,760.77],
  [1285.82,760.77],
  [1344.94,760.77],
  [1327.20,754.86],
  [1315.38,754.86],
  [1208.97,754.86],
  [1197.15,754.86],
  [1149.85,754.86],
  [1138.03,754.86],
  [1132.11,748.96],
  [1143.94,748.96],
  [1155.76,748.96],
  [1226.70,748.96],
  [1238.53,748.96],
  [1362.68,743.05],
  [1279.91,743.05],
  [1268.09,743.05],
  [1161.67,731.24],
  [1149.85,731.24],
  [1138.03,731.24],
  [1126.20,731.24],
  [1114.38,731.24],
  [1380.41,725.34],
  [1392.24,725.34],
  [1404.06,725.34],
  [1398.15,719.43],
  [1386.32,719.43],
  [1374.50,719.43],
  [1362.68,719.43],
  [789.23,548.18],
  [801.05,548.18],
  [812.88,548.18],
  [824.70,548.18],
  [836.52,548.18],
  [848.35,548.18],
  [860.17,548.18],
  [871.99,548.18],
  [883.82,548.18],
  [895.64,548.18],
  [907.47,548.18],
  [919.29,548.18],
  [931.11,548.18],
  [942.94,548.18],
  [954.76,548.18],
  [966.58,548.18],
  [978.41,548.18],
  [990.23,548.18],
  [1002.05,548.18],
  [1013.88,548.18],
  [1025.70,548.18],
  [1037.53,548.18],
  [1049.35,548.18],
  [1061.17,548.18],
  [1073.00,548.18],
  [1084.82,548.18],
  [1096.64,548.18],
  [1108.47,548.18],
  [1120.29,548.18],
  [1132.11,548.18],
  [1143.94,548.18],
  [1155.76,548.18],
  [1167.59,548.18],
  [1179.41,548.18],
  [1191.23,548.18],
  [1203.06,548.18],
  [1214.88,548.18],
  [1226.70,548.18],
  [1374.50,601.33],
  [1386.32,601.33],
  [1398.15,601.33],
  [1409.97,601.33],
  [1421.80,601.33],
  [1433.62,601.33],
  [1445.44,601.33],
  [1457.27,601.33],
  [1469.09,601.33],
  [1480.91,601.33],
  [1492.74,601.33],
  [1504.56,601.33],
  [1516.38,601.33],
  [1528.21,601.33],
  [1540.03,601.33],
  [1551.85,601.33],
  [1563.68,601.33],
  [1575.50,601.33],
  [1587.33,601.33],
  [1599.15,601.33],
  [1610.97,601.33],
  [1622.80,601.33],
  [1634.62,601.33],
  [1646.44,601.33],
  [1658.27,601.33],
  [1670.09,601.33],
  [1681.92,601.33],
  [1693.74,601.33],
  [1705.56,601.33],
  [1717.39,601.33],
  [1729.21,601.33],
  [1741.03,601.33],
  [1752.86,601.33],
  [1764.68,601.33],
  [1776.51,601.33],
  [1788.33,601.33],
  [1800.15,601.33],
  [1811.98,601.33],
  [1823.80,601.33],
  [1835.62,601.33],
  [1847.45,601.33],
  [1859.27,601.33],
  [1871.09,601.33],
  [1882.92,601.33],
  [1894.74,601.33],
  [1906.56,601.33],
  [1918.39,601.33],
  [1930.21,601.33],
  [1942.04,601.33],
  [1953.86,601.33],
  [1965.68,601.33],
  [1977.51,601.33],
  [1989.33,601.33],
  [2001.15,601.33],
  [2012.98,601.33],
  [2024.80,601.33],
  [2036.62,601.33],
  [2048.45,601.33],
  [2060.27,601.33],
  [2072.10,601.33],
  [2083.92,601.33],
  [1214.88,536.37],
  [1203.06,536.37],
  [1191.23,536.37],
  [1179.41,536.37],
  [1214.88,1959.49],
  [1226.70,1959.49],
  [1238.53,1959.49],
  [1250.35,1959.49],
  [1262.18,1959.49],
  [1285.82,1959.49],
  [1297.65,1959.49],
  [1350.85,1965.39],
  [1380.41,1971.30],
  [1392.24,1971.30],
  [1303.56,1953.58],
  [1173.50,1941.77],
  [1185.32,1941.77],
  [1197.15,1941.77],
  [1208.97,1941.77],
  [1339.03,1941.77],
  [1350.85,1941.77],
  [1362.68,1941.77],
  [1374.50,1941.77],
  [1386.32,1941.77],
  [1398.15,1941.77],
  [1262.18,1935.87],
  [1250.35,1935.87],
  [1238.53,1935.87],
  [1226.70,1935.87],
  [1214.88,1935.87],
  [1155.76,1935.87],
  [1143.94,1935.87],
  [1132.11,1935.87],
  [1120.29,1935.87],
  [1108.47,1935.87],
  [1138.03,1929.96],
  [1149.85,1929.96],
  [1161.67,1929.96],
  [1173.50,1929.96],
  [1185.32,1929.96],
  [1303.56,1929.96],
  [1315.38,1929.96],
  [1327.20,1929.96],
  [1339.03,1929.96],
  [1350.85,1929.96],
  [1356.77,1924.06],
  [1344.94,1924.06],
  [1333.12,1924.06],
  [1321.29,1924.06],
  [1309.47,1924.06],
  [1214.88,1924.06],
  [1203.06,1924.06],
  [1191.23,1924.06],
  [1179.41,1924.06],
  [1197.15,1918.15],
  [1208.97,1918.15],
  [1279.91,1918.15],
  [1291.73,1918.15],
  [1303.56,1918.15],
  [1386.32,1918.15],
  [1398.15,1918.15],
  [1409.97,1918.15],
  [1226.70,1912.25],
  [1214.88,1912.25],
  [1203.06,1912.25],
  [1191.23,1912.25],
  [1078.91,1906.34],
  [1090.73,1906.34],
  [1102.56,1906.34],
  [1114.38,1906.34],
  [1126.20,1906.34],
  [1138.03,1906.34],
  [1149.85,1906.34],
  [1256.26,1906.34],
  [1268.09,1906.34],
  [1279.91,1906.34],
  [1291.73,1906.34],
  [1303.56,1906.34],
  [1339.03,1906.34],
  [1350.85,1906.34],
  [1362.68,1906.34],
  [1344.94,1900.44],
  [1333.12,1900.44],
  [1321.29,1900.44],
  [1309.47,1900.44],
  [1279.91,1894.53],
  [1268.09,1894.53],
  [1256.26,1894.53],
  [1244.44,1894.53],
  [1149.85,1894.53],
  [1138.03,1894.53],
  [1126.20,1894.53],
  [1114.38,1894.53],
  [1102.56,1894.53],
  [1090.73,1894.53],
  [1285.82,1888.63],
  [1297.65,1888.63],
  [1309.47,1888.63],
  [1321.29,1888.63],
  [1409.97,1882.72],
  [1398.15,1882.72],
  [1386.32,1882.72],
  [1303.56,1882.72],
  [1291.73,1882.72],
  [1279.91,1882.72],
  [1126.20,1882.72],
  [1114.38,1882.72],
  [1102.56,1882.72],
  [1090.73,1882.72],
  [1333.12,1876.82],
  [1344.94,1876.82],
  [1356.77,1876.82],
  [1368.59,1876.82],
  [1380.41,1876.82],
  [1374.50,1870.91],
  [1362.68,1870.91],
  [1350.85,1870.91],
  [1339.03,1870.91],
  [1327.20,1870.91],
  [1244.44,1870.91],
  [1232.62,1870.91],
  [1220.79,1870.91],
  [1208.97,1870.91],
  [1197.15,1870.91],
  [1185.32,1870.91],
  [1173.50,1870.91],
  [1161.67,1870.91],
  [1149.85,1870.91],
  [1138.03,1870.91],
  [1214.88,1865.01],
  [1226.70,1865.01],
  [1238.53,1865.01],
  [1250.35,1865.01],
  [1262.18,1865.01],
  [1274.00,1865.01],
  [1285.82,1865.01],
  [1297.65,1865.01],
  [1309.47,1865.01],
  [1664.18,1746.91],
  [670.99,1746.91],
  [676.90,1741.00],
  [688.73,1741.00],
  [700.55,1741.00],
  [712.38,1741.00],
  [724.20,1741.00],
  [736.02,1741.00],
  [1670.09,1741.00],
  [1681.92,1741.00],
  [1693.74,1741.00],
  [1705.56,1741.00],
  [1717.39,1741.00],
  [1729.21,1741.00],
  [1865.18,1723.29],
  [1853.36,1723.29],
  [871.99,1723.29],
  [860.17,1723.29],
  [777.41,1522.52],
  [789.23,1522.52],
  [801.05,1522.52],
  [812.88,1522.52],
  [824.70,1522.52],
  [1770.59,1522.52],
  [1782.42,1522.52],
  [1794.24,1522.52],
  [1806.06,1522.52],
  [1817.89,1522.52],
  [1244.44,1516.61],
  [1232.62,1516.61],
  [1220.79,1516.61],
  [1208.97,1516.61],
  [1197.15,1516.61],
  [1185.32,1516.61],
  [1173.50,1516.61],
  [1161.67,1516.61],
  [1149.85,1516.61],
  [1138.03,1516.61],
  [1126.20,1516.61],
  [1114.38,1516.61],
  [1102.56,1516.61],
  [1090.73,1516.61],
  [1078.91,1516.61],
  [1067.08,1516.61],
  [1055.26,1516.61],
  [1043.44,1516.61],
  [1031.61,1516.61],
  [1019.79,1516.61],
  [1007.97,1516.61],
  [996.14,1516.61],
  [984.32,1516.61],
  [972.50,1516.61],
  [960.67,1516.61],
  [948.85,1516.61],
  [937.03,1516.61],
  [925.20,1516.61],
  [913.38,1516.61],
  [901.55,1516.61],
  [889.73,1516.61],
  [877.91,1516.61],
  [866.08,1516.61],
  [854.26,1516.61],
  [842.44,1516.61],
  [830.61,1516.61],
  [818.79,1516.61],
  [806.96,1516.61],
  [795.14,1516.61],
  [783.32,1516.61],
  [771.49,1516.61],
  [759.67,1516.61],
  [747.85,1516.61],
  [736.02,1516.61],
  [724.20,1516.61],
  [712.38,1516.61],
  [700.55,1516.61],
  [688.73,1516.61],
  [676.90,1516.61],
  [665.08,1516.61],
  [653.26,1516.61],
  [641.43,1516.61],
  [629.61,1516.61],
  [617.79,1516.61],
  [605.96,1516.61],
  [594.14,1516.61],
  [582.32,1516.61],
  [570.49,1516.61],
  [558.67,1516.61],
  [546.84,1516.61],
  [535.02,1516.61],
  [523.20,1516.61],
  [511.37,1516.61],
  [499.55,1516.61],
  [487.73,1516.61],
  [475.90,1516.61],
  [464.08,1516.61],
  [452.26,1516.61],
  [440.43,1516.61],
  [428.61,1516.61],
  [416.78,1516.61],
  [404.96,1516.61],
  [393.14,1516.61],
  [381.31,1516.61],
  [369.49,1516.61],
  [357.67,1516.61],
  [345.84,1516.61],
  [375.40,1487.08],
  [387.22,1487.08],
  [399.05,1487.08],
  [410.87,1487.08],
  [422.70,1487.08],
  [434.52,1487.08],
  [446.34,1487.08],
  [458.17,1487.08],
  [469.99,1487.08],
  [481.81,1487.08],
  [493.64,1487.08],
  [505.46,1487.08],
  [517.29,1487.08],
  [529.11,1487.08],
  [540.93,1487.08],
  [552.76,1487.08],
  [564.58,1487.08],
  [576.40,1487.08],
  [588.23,1487.08],
  [600.05,1487.08],
  [611.87,1487.08],
  [623.70,1487.08],
  [635.52,1487.08],
  [647.35,1487.08],
  [659.17,1487.08],
  [670.99,1487.08],
  [682.82,1487.08],
  [694.64,1487.08],
  [706.46,1487.08],
  [718.29,1487.08],
  [730.11,1487.08],
  [741.93,1487.08],
  [753.76,1487.08],
  [765.58,1487.08],
  [777.41,1487.08],
  [789.23,1487.08],
  [801.05,1487.08],
  [812.88,1487.08],
  [824.70,1487.08],
  [836.52,1487.08],
  [848.35,1487.08],
  [860.17,1487.08],
  [871.99,1487.08],
  [883.82,1487.08],
  [895.64,1487.08],
  [907.47,1487.08],
  [919.29,1487.08],
  [931.11,1487.08],
  [942.94,1487.08],
  [954.76,1487.08],
  [966.58,1487.08],
  [978.41,1487.08],
  [990.23,1487.08],
  [1002.05,1487.08],
  [1013.88,1487.08],
  [1025.70,1487.08],
  [1037.53,1487.08],
  [1049.35,1487.08],
  [1061.17,1487.08],
  [1073.00,1487.08],
  [1084.82,1487.08],
  [1096.64,1487.08],
  [1108.47,1487.08],
  [1120.29,1487.08],
  [1132.11,1487.08],
  [1143.94,1487.08],
  [1155.76,1487.08],
  [1167.59,1487.08],
  [1179.41,1487.08],
  [1191.23,1487.08],
  [1203.06,1487.08],
  [1214.88,1487.08],
  [2066.18,1475.28],
  [2054.36,1475.28],
  [2042.54,1475.28],
  [2030.71,1475.28],
  [2018.89,1475.28],
  [2007.07,1475.28],
  [1995.24,1475.28],
  [1983.42,1475.28],
  [1971.59,1475.28],
  [1959.77,1475.28],
  [1947.95,1475.28],
  [1936.12,1475.28],
  [1924.30,1475.28],
  [1912.48,1475.28],
  [1900.65,1475.28],
  [1888.83,1475.28],
  [1877.01,1475.28],
  [1865.18,1475.28],
  [1853.36,1475.28],
  [1841.54,1475.28],
  [1829.71,1475.28],
  [1817.89,1475.28],
  [1806.06,1475.28],
  [1794.24,1475.28],
  [1782.42,1475.28],
  [1770.59,1475.28],
  [1758.77,1475.28],
  [1746.95,1475.28],
  [1735.12,1475.28],
  [1723.30,1475.28],
  [1711.47,1475.28],
  [1699.65,1475.28],
  [1687.83,1475.28],
  [1676.00,1475.28],
  [1664.18,1475.28],
  [1652.36,1475.28],
  [1640.53,1475.28],
  [1628.71,1475.28],
  [1616.89,1475.28],
  [1605.06,1475.28],
  [1593.24,1475.28],
  [1581.41,1475.28],
  [1569.59,1475.28],
  [1557.77,1475.28],
  [1545.94,1475.28],
  [1534.12,1475.28],
  [1522.30,1475.28],
  [1510.47,1475.28],
  [1498.65,1475.28],
  [1486.82,1475.28],
  [1475.00,1475.28],
  [1463.18,1475.28],
  [1451.35,1475.28],
  [1439.53,1475.28],
  [1427.71,1475.28],
  [1415.88,1475.28],
  [1404.06,1475.28],
  [1392.24,1475.28],
  [1380.41,1475.28],
  [1368.59,1475.28],
  [1356.77,1475.28],
  [1344.94,1475.28],
  [1333.12,1475.28],
  [1321.29,1475.28],
  [1309.47,1475.28],
  [1297.65,1475.28],
  [1285.82,1475.28],
  [1274.00,1475.28],
  [1262.18,1475.28],
  [1250.35,1475.28],
  [1238.53,1475.28],
  [1226.70,1475.28],
  [1214.88,1475.28],
  [1256.26,1445.75],
  [1268.09,1445.75],
  [1279.91,1445.75],
  [1291.73,1445.75],
  [1303.56,1445.75],
  [1315.38,1445.75],
  [1327.20,1445.75],
  [1339.03,1445.75],
  [1350.85,1445.75],
  [1362.68,1445.75],
  [1374.50,1445.75],
  [1386.32,1445.75],
  [1398.15,1445.75],
  [1409.97,1445.75],
  [1421.80,1445.75],
  [1433.62,1445.75],
  [1445.44,1445.75],
  [1457.27,1445.75],
  [1469.09,1445.75],
  [1480.91,1445.75],
  [1492.74,1445.75],
  [1504.56,1445.75],
  [1516.38,1445.75],
  [1528.21,1445.75],
  [1540.03,1445.75],
  [1551.85,1445.75],
  [1563.68,1445.75],
  [1575.50,1445.75],
  [1587.33,1445.75],
  [1599.15,1445.75],
  [1610.97,1445.75],
  [1622.80,1445.75],
  [1634.62,1445.75],
  [1646.44,1445.75],
  [1658.27,1445.75],
  [1670.09,1445.75],
  [1681.92,1445.75],
  [1693.74,1445.75],
  [1705.56,1445.75],
  [1717.39,1445.75],
  [1729.21,1445.75],
  [1741.03,1445.75],
  [1752.86,1445.75],
  [1764.68,1445.75],
  [1776.51,1445.75],
  [1782.42,1416.22],
  [1770.59,1416.22],
  [1758.77,1416.22],
  [1746.95,1416.22],
  [1735.12,1416.22],
  [1723.30,1416.22],
  [1711.47,1416.22],
  [1699.65,1416.22],
  [1687.83,1416.22],
  [1676.00,1416.22],
  [1664.18,1416.22],
  [1652.36,1416.22],
  [1368.59,1416.22],
  [1356.77,1416.22],
  [1344.94,1416.22],
  [1333.12,1416.22],
  [1321.29,1416.22],
  [1309.47,1416.22],
  [1297.65,1416.22],
  [1374.50,1410.32],
  [1386.32,1410.32],
  [1398.15,1410.32],
  [1409.97,1410.32],
  [1421.80,1410.32],
  [1433.62,1410.32],
  [1445.44,1410.32],
  [1457.27,1410.32],
  [1469.09,1410.32],
  [1480.91,1410.32],
  [1492.74,1410.32],
  [1504.56,1410.32],
  [1516.38,1410.32],
  [1528.21,1410.32],
  [1540.03,1410.32],
  [1551.85,1410.32],
  [1563.68,1410.32],
  [1575.50,1410.32],
  [1587.33,1410.32],
  [1599.15,1410.32],
  [1610.97,1410.32],
  [1622.80,1410.32],
  [1634.62,1410.32],
  [1646.44,1410.32],
  [1658.27,1410.32],
  [1670.09,1410.32],
  [1681.92,1410.32],
  [1693.74,1410.32],
  [1705.56,1410.32],
  [1717.39,1410.32],
  [1729.21,1410.32],
  [1741.03,1410.32],
  [1752.86,1410.32],
  [1764.68,1410.32],
  [1776.51,1410.32],
  [1788.33,1410.32],
  [1800.15,1410.32],
  [1811.98,1410.32],
  [1823.80,1410.32],
  [1835.62,1410.32],
  [1847.45,1410.32],
  [1788.33,1398.51],
  [1776.51,1398.51],
  [1764.68,1398.51],
  [1752.86,1398.51],
  [1741.03,1398.51],
  [1729.21,1398.51],
  [1717.39,1398.51],
  [1705.56,1398.51],
  [1693.74,1398.51],
  [1681.92,1398.51],
  [1670.09,1398.51],
  [1658.27,1398.51],
  [1646.44,1398.51],
  [1782.42,1392.60],
  [1794.24,1392.60],
  [1806.06,1392.60],
  [1817.89,1392.60],
  [1817.89,1274.50],
  [1806.06,1274.50],
  [1794.24,1274.50],
  [1782.42,1274.50],
  [1770.59,1274.50],
  [1758.77,1274.50],
  [1746.95,1274.50],
  [1735.12,1274.50],
  [1723.30,1274.50],
  [1711.47,1274.50],
  [1699.65,1274.50],
  [1687.83,1274.50],
  [1676.00,1274.50],
  [1664.18,1274.50],
  [1652.36,1274.50],
  [1640.53,1274.50],
  [1628.71,1274.50],
  [1616.89,1274.50],
  [1605.06,1274.50],
  [1593.24,1274.50],
  [1581.41,1274.50],
  [1569.59,1274.50],
  [1557.77,1274.50],
  [1545.94,1274.50],
  [1534.12,1274.50],
  [1522.30,1274.50],
  [1510.47,1274.50],
  [1498.65,1274.50],
  [1486.82,1274.50],
  [1475.00,1274.50],
  [1463.18,1274.50],
  [1451.35,1274.50],
  [1439.53,1274.50],
  [1427.71,1274.50],
  [1415.88,1274.50],
  [1404.06,1274.50],
  [1392.24,1274.50],
  [1380.41,1274.50],
  [1368.59,1274.50],
  [1356.77,1274.50],
  [1344.94,1274.50],
  [1333.12,1274.50],
  [1321.29,1274.50],
  [1309.47,1274.50],
  [1297.65,1274.50],
  [1285.82,1274.50],
  [1274.00,1274.50],
  [1262.18,1274.50],
  [1250.35,1274.50],
  [1238.53,1274.50],
  [1120.29,1250.88],
  [1132.11,1250.88],
  [1143.94,1250.88],
  [1155.76,1250.88],
  [1167.59,1250.88],
  [1179.41,1250.88],
  [1191.23,1250.88],
  [1203.06,1250.88],
  [1214.88,1250.88],
  [1226.70,1250.88],
  [1238.53,1250.88],
  [1250.35,1250.88],
  [1262.18,1250.88],
  [1274.00,1250.88],
  [1285.82,1250.88],
  [1297.65,1250.88],
  [1309.47,1250.88],
  [1321.29,1250.88],
  [1333.12,1250.88],
  [1344.94,1250.88],
  [1356.77,1250.88],
  [1368.59,1250.88],
  [1380.41,1250.88],
  [1392.24,1250.88],
  [1404.06,1250.88],
  [1415.88,1250.88],
  [1427.71,1250.88],
  [1439.53,1250.88],
  [1451.35,1250.88],
  [1463.18,1250.88],
  [1475.00,1250.88],
  [1486.82,1250.88],
  [1498.65,1250.88],
  [1510.47,1250.88],
  [1522.30,1250.88],
  [1534.12,1250.88],
  [1545.94,1250.88],
  [1557.77,1250.88],
  [1569.59,1250.88],
  [1581.41,1250.88],
  [1593.24,1250.88],
  [1605.06,1250.88],
  [1616.89,1250.88],
  [1628.71,1250.88],
  [1640.53,1250.88],
  [1652.36,1250.88],
  [1664.18,1250.88],
  [1676.00,1250.88],
  [1687.83,1250.88],
  [1699.65,1250.88],
  [1711.47,1250.88],
  [1723.30,1250.88],
  [1735.12,1250.88],
  [1800.15,1244.98],
  [1788.33,1244.98],
  [1776.51,1244.98],
  [1764.68,1244.98],
  [1752.86,1244.98],
  [1741.03,1244.98],
  [1729.21,1244.98],
  [1717.39,1244.98],
  [1705.56,1244.98],
  [1693.74,1244.98],
  [1681.92,1244.98],
  [1670.09,1244.98],
  [1658.27,1244.98],
  [1646.44,1244.98],
  [1634.62,1244.98],
  [1622.80,1244.98],
  [1610.97,1244.98],
  [1599.15,1244.98],
  [1587.33,1244.98],
  [1575.50,1244.98],
  [1563.68,1244.98],
  [1551.85,1244.98],
  [1540.03,1244.98],
  [1528.21,1244.98],
  [1516.38,1244.98],
  [1504.56,1244.98],
  [1492.74,1244.98],
  [1480.91,1244.98],
  [1469.09,1244.98],
  [1457.27,1244.98],
  [1445.44,1244.98],
  [1433.62,1244.98],
  [1421.80,1244.98],
  [1409.97,1244.98],
  [1398.15,1244.98],
  [1386.32,1244.98],
  [1374.50,1244.98],
  [1362.68,1244.98],
  [1350.85,1244.98],
  [1339.03,1244.98],
  [1327.20,1244.98],
  [1315.38,1244.98],
  [1303.56,1244.98],
  [1291.73,1244.98],
  [1279.91,1244.98],
  [1268.09,1244.98],
  [1256.26,1244.98],
  [1244.44,1244.98],
  [1238.53,1227.26],
  [1250.35,1227.26],
  [1262.18,1227.26],
  [1274.00,1227.26],
  [1285.82,1227.26],
  [1297.65,1227.26],
  [1309.47,1227.26],
  [1321.29,1227.26],
  [1333.12,1227.26],
  [1344.94,1227.26],
  [1356.77,1227.26],
  [1368.59,1227.26],
  [1380.41,1227.26],
  [1392.24,1227.26],
  [1404.06,1227.26],
  [1415.88,1227.26],
  [1427.71,1227.26],
  [1439.53,1227.26],
  [1451.35,1227.26],
  [1463.18,1227.26],
  [1475.00,1227.26],
  [1486.82,1227.26],
  [1498.65,1227.26],
  [1510.47,1227.26],
  [1522.30,1227.26],
  [1534.12,1227.26],
  [1545.94,1227.26],
  [1557.77,1227.26],
  [1569.59,1227.26],
  [1581.41,1227.26],
  [1593.24,1227.26],
  [1605.06,1227.26],
  [1616.89,1227.26],
  [1628.71,1227.26],
  [1640.53,1227.26],
  [1652.36,1227.26],
  [1664.18,1227.26],
  [1676.00,1227.26],
  [1687.83,1227.26],
  [1699.65,1227.26],
  [1711.47,1227.26],
  [1723.30,1227.26],
  [1735.12,1227.26],
  [1746.95,1227.26],
  [1758.77,1227.26],
  [1770.59,1227.26],
  [1782.42,1227.26],
  [1859.27,1221.36],
  [1847.45,1221.36],
  [1835.62,1221.36],
  [1823.80,1221.36],
  [1811.98,1221.36],
  [1800.15,1221.36],
  [1788.33,1221.36],
  [1776.51,1221.36],
  [1764.68,1221.36],
  [1752.86,1221.36],
  [1741.03,1221.36],
  [1729.21,1221.36],
  [1717.39,1221.36],
  [1705.56,1221.36],
  [1693.74,1221.36],
  [1681.92,1221.36],
  [1670.09,1221.36],
  [1658.27,1221.36],
  [1646.44,1221.36],
  [1634.62,1221.36],
  [1622.80,1221.36],
  [1610.97,1221.36],
  [1599.15,1221.36],
  [1587.33,1221.36],
  [1575.50,1221.36],
  [1563.68,1221.36],
  [1551.85,1221.36],
  [1540.03,1221.36],
  [1528.21,1221.36],
  [1516.38,1221.36],
  [1504.56,1221.36],
  [1492.74,1221.36],
  [1480.91,1221.36],
  [1469.09,1221.36],
  [1457.27,1221.36],
  [1445.44,1221.36],
  [1433.62,1221.36],
  [1421.80,1221.36],
  [1409.97,1221.36],
  [1398.15,1221.36],
  [1386.32,1221.36],
  [1132.11,1156.40],
  [1143.94,1156.40],
  [1155.76,1156.40],
  [1167.59,1156.40],
  [1179.41,1156.40],
  [1191.23,1156.40],
  [1203.06,1156.40],
  [1214.88,1156.40],
  [1226.70,1156.40],
  [1238.53,1156.40],
  [1250.35,1156.40],
  [1262.18,1156.40],
  [1274.00,1156.40],
  [1285.82,1156.40],
  [1297.65,1156.40],
  [1309.47,1156.40],
  [1321.29,1156.40],
  [1333.12,1156.40],
  [1344.94,1156.40],
  [1356.77,1156.40],
  [1368.59,1156.40],
  [1380.41,1156.40],
  [1392.24,1156.40],
  [1404.06,1156.40],
  [1415.88,1156.40],
  [1427.71,1156.40],
  [1439.53,1156.40],
  [1451.35,1156.40],
  [1463.18,1156.40],
  [1475.00,1156.40],
  [1486.82,1156.40],
  [1498.65,1156.40],
  [1510.47,1156.40],
  [1522.30,1156.40],
  [1534.12,1156.40],
  [1545.94,1156.40],
  [1557.77,1156.40],
  [1569.59,1156.40],
  [1581.41,1156.40],
  [1593.24,1156.40],
  [1605.06,1156.40],
  [1616.89,1156.40],
  [1628.71,1156.40],
  [1640.53,1156.40],
  [1652.36,1156.40],
  [1664.18,1156.40],
  [1676.00,1156.40],
  [1687.83,1156.40],
  [1699.65,1156.40],
  [1711.47,1156.40],
  [1723.30,1156.40],
  [1735.12,1156.40],
  [1746.95,1156.40],
  [1232.62,1150.50],
  [1220.79,1150.50],
  [1208.97,1150.50],
  [1197.15,1150.50],
  [1185.32,1150.50],
  [1173.50,1150.50],
  [1161.67,1150.50],
  [1149.85,1150.50],
  [1138.03,1150.50],
  [1126.20,1150.50],
  [1114.38,1150.50],
  [1102.56,1150.50],
  [1090.73,1150.50],
  [1078.91,1150.50],
  [1067.08,1150.50],
  [1055.26,1150.50],
  [1043.44,1150.50],
  [1031.61,1150.50],
  [1019.79,1150.50],
  [1007.97,1150.50],
  [996.14,1150.50],
  [984.32,1150.50],
  [972.50,1150.50],
  [960.67,1150.50],
  [948.85,1150.50],
  [937.03,1150.50],
  [925.20,1150.50],
  [913.38,1150.50],
  [901.55,1150.50],
  [889.73,1150.50],
  [877.91,1150.50],
  [866.08,1150.50],
  [854.26,1150.50],
  [842.44,1150.50],
  [830.61,1150.50],
  [818.79,1150.50],
  [806.96,1150.50],
  [795.14,1150.50],
  [783.32,1150.50],
  [771.49,1150.50],
  [759.67,1150.50],
  [747.85,1150.50],
  [736.02,1150.50],
  [724.20,1150.50],
  [712.38,1150.50],
  [700.55,1150.50],
  [688.73,1150.50],
  [676.90,1150.50],
  [665.08,1150.50],
  [653.26,1150.50],
  [641.43,1150.50],
  [629.61,1150.50],
  [617.79,1150.50],
  [605.96,1150.50],
  [594.14,1150.50],
  [582.32,1150.50],
  [570.49,1150.50],
  [558.67,1150.50],
  [546.84,1150.50],
  [535.02,1150.50],
  [523.20,1150.50],
  [511.37,1150.50],
  [499.55,1150.50],
  [487.73,1150.50],
  [475.90,1150.50],
  [464.08,1150.50],
  [452.26,1150.50],
  [440.43,1150.50],
  [428.61,1150.50],
  [416.78,1150.50],
  [404.96,1150.50],
  [393.14,1150.50],
  [381.31,1150.50],
  [369.49,1150.50],
  [357.67,1150.50],
  [345.84,1150.50],
  [334.02,1150.50],
  [1120.29,1144.59],
  [1132.11,1144.59],
  [1143.94,1144.59],
  [1155.76,1144.59],
  [1167.59,1144.59],
  [1179.41,1144.59],
  [1191.23,1144.59],
  [1203.06,1144.59],
  [1214.88,1144.59],
  [1226.70,1144.59],
  [1238.53,1144.59],
  [1250.35,1144.59],
  [1262.18,1144.59],
  [1274.00,1144.59],
  [1285.82,1144.59],
  [1297.65,1144.59],
  [1309.47,1144.59],
  [1321.29,1144.59],
  [1333.12,1144.59],
  [1344.94,1144.59],
  [1356.77,1144.59],
  [1368.59,1144.59],
  [1380.41,1144.59],
  [1392.24,1144.59],
  [1404.06,1144.59],
  [1415.88,1144.59],
  [1427.71,1144.59],
  [1439.53,1144.59],
  [1451.35,1144.59],
  [1463.18,1144.59],
  [1475.00,1144.59],
  [1486.82,1144.59],
  [1498.65,1144.59],
  [1510.47,1144.59],
  [1522.30,1144.59],
  [1534.12,1144.59],
  [1545.94,1144.59],
  [1557.77,1144.59],
  [1569.59,1144.59],
  [1581.41,1144.59],
  [1593.24,1144.59],
  [1605.06,1144.59],
  [1616.89,1144.59],
  [1628.71,1144.59],
  [1640.53,1144.59],
  [1652.36,1144.59],
  [1664.18,1144.59],
  [1676.00,1144.59],
  [1687.83,1144.59],
  [1699.65,1144.59],
  [1711.47,1144.59],
  [1723.30,1144.59],
  [1735.12,1144.59],
  [1226.70,1002.87],
  [1214.88,1002.87],
  [1203.06,1002.87],
  [1191.23,1002.87],
  [1179.41,1002.87],
  [1220.79,996.97],
  [1232.62,996.97],
  [1244.44,996.97],
  [1415.88,802.10],
  [1404.06,802.10],
  [1392.24,802.10],
  [1380.41,802.10],
  [1368.59,802.10],
  [1356.77,802.10],
  [1344.94,802.10],
  [1309.47,802.10],
  [1297.65,802.10],
  [1285.82,802.10],
  [1274.00,802.10],
  [1262.18,802.10],
  [1250.35,802.10],
  [1214.88,802.10],
  [1203.06,802.10],
  [1191.23,802.10],
  [1179.41,802.10],
  [1167.59,802.10],
  [1132.11,802.10],
  [1120.29,802.10],
  [1108.47,802.10],
  [1096.64,802.10],
  [1084.82,802.10],
  [1073.00,802.10],
  [1090.73,796.20],
  [1102.56,796.20],
  [1114.38,796.20],
  [1126.20,796.20],
  [1138.03,796.20],
  [1149.85,796.20],
  [1161.67,796.20],
  [1173.50,796.20],
  [1185.32,796.20],
  [1197.15,796.20],
  [1220.79,796.20],
  [1232.62,796.20],
  [1244.44,796.20],
  [1256.26,796.20],
  [1268.09,796.20],
  [1279.91,796.20],
  [1339.03,796.20],
  [1350.85,796.20],
  [1362.68,796.20],
  [1374.50,796.20],
  [1380.41,790.29],
  [1368.59,790.29],
  [1356.77,790.29],
  [1344.94,790.29],
  [1333.12,790.29],
  [1262.18,790.29],
  [1250.35,790.29],
  [1238.53,790.29],
  [1226.70,790.29],
  [1167.59,790.29],
  [1155.76,790.29],
  [1143.94,790.29],
  [1132.11,790.29],
  [1208.97,784.39],
  [1220.79,784.39],
  [1232.62,784.39],
  [1244.44,784.39],
  [1291.73,784.39],
  [1303.56,784.39],
  [1315.38,784.39],
  [1327.20,784.39],
  [1339.03,784.39],
  [1350.85,784.39],
  [1380.41,778.48],
  [1368.59,778.48],
  [1356.77,778.48],
  [1262.18,778.48],
  [1250.35,778.48],
  [1238.53,778.48],
  [1226.70,778.48],
  [1179.41,778.48],
  [1167.59,778.48],
  [1155.76,778.48],
  [1143.94,778.48],
  [1132.11,778.48],
  [1120.29,778.48],
  [1108.47,778.48],
  [1096.64,778.48],
  [1084.82,778.48],
  [1073.00,778.48],
  [1061.17,778.48],
  [1049.35,778.48],
  [1037.53,778.48],
  [1025.70,778.48],
  [1013.88,778.48],
  [1002.05,778.48],
  [990.23,778.48],
  [978.41,778.48],
  [966.58,778.48],
  [954.76,778.48],
  [942.94,778.48],
  [931.11,778.48],
  [919.29,778.48],
  [907.47,778.48],
  [895.64,778.48],
  [883.82,778.48],
  [871.99,778.48],
  [860.17,778.48],
  [848.35,778.48],
  [836.52,778.48],
  [824.70,778.48],
  [812.88,778.48],
  [801.05,778.48],
  [789.23,778.48],
  [777.41,778.48],
  [765.58,778.48],
  [753.76,778.48],
  [741.93,778.48],
  [1173.50,772.58],
  [1279.91,772.58],
  [1291.73,772.58],
  [1303.56,772.58],
  [1315.38,772.58],
  [1339.03,772.58],
  [1350.85,772.58],
  [1362.68,772.58],
  [1374.50,772.58],
  [1386.32,772.58],
  [1398.15,772.58],
  [1409.97,772.58],
  [1321.29,766.67],
  [1226.70,766.67],
  [1214.88,766.67],
  [1203.06,766.67],
  [1090.73,760.77],
  [1102.56,760.77],
  [1114.38,760.77],
  [1126.20,760.77],
  [1138.03,760.77],
  [1208.97,760.77],
  [1220.79,760.77],
  [1232.62,760.77],
  [1256.26,760.77],
  [1268.09,760.77],
  [1279.91,760.77],
  [1291.73,760.77],
  [1350.85,760.77],
  [1333.12,754.86],
  [1321.29,754.86],
  [1309.47,754.86],
  [1214.88,754.86],
  [1203.06,754.86],
  [1191.23,754.86],
  [1143.94,754.86],
  [1138.03,748.96],
  [1149.85,748.96],
  [1232.62,748.96],
  [1244.44,748.96],
  [1368.59,743.05],
  [1356.77,743.05],
  [1274.00,743.05],
  [1167.59,731.24],
  [1155.76,731.24],
  [1143.94,731.24],
  [1132.11,731.24],
  [1120.29,731.24],
  [1108.47,731.24],
  [1386.32,725.34],
  [1398.15,725.34],
  [1392.24,719.43],
  [1380.41,719.43],
  [1368.59,719.43],
  [795.14,548.18],
  [806.96,548.18],
  [818.79,548.18],
  [830.61,548.18],
  [842.44,548.18],
  [854.26,548.18],
  [866.08,548.18],
  [877.91,548.18],
  [889.73,548.18],
  [901.55,548.18],
  [913.38,548.18],
  [925.20,548.18],
  [937.03,548.18],
  [948.85,548.18],
  [960.67,548.18],
  [972.50,548.18],
  [984.32,548.18],
  [996.14,548.18],
  [1007.97,548.18],
  [1019.79,548.18],
  [1031.61,548.18],
  [1043.44,548.18],
  [1055.26,548.18],
  [1067.08,548.18],
  [1078.91,548.18],
  [1090.73,548.18],
  [1102.56,548.18],
  [1114.38,548.18],
  [1126.20,548.18],
  [1138.03,548.18],
  [1149.85,548.18],
  [1161.67,548.18],
  [1173.50,548.18],
  [1185.32,548.18],
  [1197.15,548.18],
  [1208.97,548.18],
  [1220.79,548.18],
  [1368.59,601.33],
  [1380.41,601.33],
  [1392.24,601.33],
  [1404.06,601.33],
  [1415.88,601.33],
  [1427.71,601.33],
  [1439.53,601.33],
  [1451.35,601.33],
  [1463.18,601.33],
  [1475.00,601.33],
  [1486.82,601.33],
  [1498.65,601.33],
  [1510.47,601.33],
  [1522.30,601.33],
  [1534.12,601.33],
  [1545.94,601.33],
  [1557.77,601.33],
  [1569.59,601.33],
  [1581.41,601.33],
  [1593.24,601.33],
  [1605.06,601.33],
  [1616.89,601.33],
  [1628.71,601.33],
  [1640.53,601.33],
  [1652.36,601.33],
  [1664.18,601.33],
  [1676.00,601.33],
  [1687.83,601.33],
  [1699.65,601.33],
  [1711.47,601.33],
  [1723.30,601.33],
  [1735.12,601.33],
  [1746.95,601.33],
  [1758.77,601.33],
  [1770.59,601.33],
  [1782.42,601.33],
  [1794.24,601.33],
  [1806.06,601.33],
  [1817.89,601.33],
  [1829.71,601.33],
  [1841.54,601.33],
  [1853.36,601.33],
  [1865.18,601.33],
  [1877.01,601.33],
  [1888.83,601.33],
  [1900.65,601.33],
  [1912.48,601.33],
  [1924.30,601.33],
  [1936.12,601.33],
  [1947.95,601.33],
  [1959.77,601.33],
  [1971.59,601.33],
  [1983.42,601.33],
  [1995.24,601.33],
  [2007.07,601.33],
  [2018.89,601.33],
  [2030.71,601.33],
  [2042.54,601.33],
  [2054.36,601.33],
  [2066.18,601.33],
  [2078.01,601.33],
  [2089.83,601.33],
  [1220.79,536.37],
  [1208.97,536.37],
  [1197.15,536.37],
  [1185.32,536.37],
  [1170.54,1944.73],
  [1300.60,1932.92],
  [1194.19,1921.11],
  [1418.84,1921.11],
  [1371.54,1909.30],
  [1253.31,1909.30],
  [1276.95,1885.68],
  [1324.25,1885.68],
  [1418.84,1885.68],
  [1324.25,1873.86],
  [342.89,1519.56],
  [1418.84,775.53],
  [1418.84,799.15],
  [2092.79,598.38],
  [1891.78,2051.02],
  [1879.96,2051.02],
  [1868.14,2051.02],
  [1856.31,2051.02],
  [1844.49,2051.02],
  [1832.67,2051.02],
  [1820.84,2051.02],
  [1809.02,2051.02],
  [1797.19,2051.02],
  [1785.37,2051.02],
  [1773.55,2051.02],
  [1761.72,2051.02],
  [1749.90,2051.02],
  [910.42,2051.02],
  [898.60,2051.02],
  [886.77,2051.02],
  [874.95,2051.02],
  [863.13,2051.02],
  [851.30,2051.02],
  [839.48,2051.02],
  [827.66,2051.02],
  [815.83,2051.02],
  [804.01,2051.02],
  [792.19,2051.02],
  [780.36,2051.02],
  [768.54,2051.02],
  [668.04,2045.11],
  [774.45,2045.11],
  [786.27,2045.11],
  [798.10,2045.11],
  [809.92,2045.11],
  [821.74,2045.11],
  [833.57,2045.11],
  [845.39,2045.11],
  [857.22,2045.11],
  [869.04,2045.11],
  [880.86,2045.11],
  [892.69,2045.11],
  [904.51,2045.11],
  [1649.40,2045.11],
  [1755.81,2045.11],
  [1767.64,2045.11],
  [1779.46,2045.11],
  [1791.28,2045.11],
  [1803.11,2045.11],
  [1814.93,2045.11],
  [1826.75,2045.11],
  [1838.58,2045.11],
  [1850.40,2045.11],
  [1862.22,2045.11],
  [1874.05,2045.11],
  [1885.87,2045.11],
  [1891.78,2039.21],
  [1879.96,2039.21],
  [1868.14,2039.21],
  [1856.31,2039.21],
  [1844.49,2039.21],
  [1832.67,2039.21],
  [1820.84,2039.21],
  [1809.02,2039.21],
  [1797.19,2039.21],
  [1785.37,2039.21],
  [1773.55,2039.21],
  [1761.72,2039.21],
  [1749.90,2039.21],
  [1702.61,2039.21],
  [1489.78,2039.21],
  [910.42,2039.21],
  [898.60,2039.21],
  [886.77,2039.21],
  [874.95,2039.21],
  [863.13,2039.21],
  [851.30,2039.21],
  [839.48,2039.21],
  [827.66,2039.21],
  [815.83,2039.21],
  [804.01,2039.21],
  [792.19,2039.21],
  [780.36,2039.21],
  [768.54,2039.21],
  [721.24,2039.21],
  [508.42,2039.21],
  [561.62,2033.30],
  [774.45,2033.30],
  [786.27,2033.30],
  [798.10,2033.30],
  [809.92,2033.30],
  [821.74,2033.30],
  [833.57,2033.30],
  [845.39,2033.30],
  [857.22,2033.30],
  [869.04,2033.30],
  [880.86,2033.30],
  [892.69,2033.30],
  [904.51,2033.30],
  [1542.99,2033.30],
  [1755.81,2033.30],
  [1767.64,2033.30],
  [1779.46,2033.30],
  [1791.28,2033.30],
  [1803.11,2033.30],
  [1814.93,2033.30],
  [1826.75,2033.30],
  [1838.58,2033.30],
  [1850.40,2033.30],
  [1862.22,2033.30],
  [1874.05,2033.30],
  [1885.87,2033.30],
  [1891.78,2027.40],
  [1879.96,2027.40],
  [1868.14,2027.40],
  [1856.31,2027.40],
  [1844.49,2027.40],
  [1832.67,2027.40],
  [1820.84,2027.40],
  [1809.02,2027.40],
  [1797.19,2027.40],
  [1785.37,2027.40],
  [1773.55,2027.40],
  [1761.72,2027.40],
  [1749.90,2027.40],
  [1596.19,2027.40],
  [910.42,2027.40],
  [898.60,2027.40],
  [886.77,2027.40],
  [874.95,2027.40],
  [863.13,2027.40],
  [851.30,2027.40],
  [839.48,2027.40],
  [827.66,2027.40],
  [815.83,2027.40],
  [804.01,2027.40],
  [792.19,2027.40],
  [780.36,2027.40],
  [768.54,2027.40],
  [614.83,2027.40],
  [768.54,173.22],
  [780.36,173.22],
  [792.19,173.22],
  [804.01,173.22],
  [815.83,173.22],
  [827.66,173.22],
  [839.48,173.22],
  [851.30,173.22],
  [863.13,173.22],
  [874.95,173.22],
  [886.77,173.22],
  [898.60,173.22],
  [910.42,173.22],
  [1749.90,173.22],
  [1761.72,173.22],
  [1773.55,173.22],
  [1785.37,173.22],
  [1797.19,173.22],
  [1809.02,173.22],
  [1820.84,173.22],
  [1832.67,173.22],
  [1844.49,173.22],
  [1856.31,173.22],
  [1868.14,173.22],
  [1879.96,173.22],
  [1891.78,173.22],
  [1885.87,167.31],
  [1874.05,167.31],
  [1862.22,167.31],
  [1850.40,167.31],
  [1838.58,167.31],
  [1826.75,167.31],
  [1814.93,167.31],
  [1803.11,167.31],
  [1791.28,167.31],
  [1779.46,167.31],
  [1767.64,167.31],
  [1755.81,167.31],
  [904.51,167.31],
  [892.69,167.31],
  [880.86,167.31],
  [869.04,167.31],
  [857.22,167.31],
  [845.39,167.31],
  [833.57,167.31],
  [821.74,167.31],
  [809.92,167.31],
  [798.10,167.31],
  [786.27,167.31],
  [774.45,167.31],
  [668.04,167.31],
  [1649.40,167.31],
  [1891.78,161.41],
  [1879.96,161.41],
  [1868.14,161.41],
  [1856.31,161.41],
  [1844.49,161.41],
  [1832.67,161.41],
  [1820.84,161.41],
  [1809.02,161.41],
  [1797.19,161.41],
  [1785.37,161.41],
  [1773.55,161.41],
  [1761.72,161.41],
  [1749.90,161.41],
  [910.42,161.41],
  [898.60,161.41],
  [886.77,161.41],
  [874.95,161.41],
  [863.13,161.41],
  [851.30,161.41],
  [839.48,161.41],
  [827.66,161.41],
  [815.83,161.41],
  [804.01,161.41],
  [792.19,161.41],
  [780.36,161.41],
  [768.54,161.41],
  [508.42,161.40],
  [721.24,161.40],
  [1489.78,161.40],
  [1702.61,161.40],
  [1885.87,155.50],
  [1874.05,155.50],
  [1862.22,155.50],
  [1850.40,155.50],
  [1838.58,155.50],
  [1826.75,155.50],
  [1814.93,155.50],
  [1803.11,155.50],
  [1791.28,155.50],
  [1779.46,155.50],
  [1767.64,155.50],
  [1755.81,155.50],
  [904.51,155.50],
  [892.69,155.50],
  [880.86,155.50],
  [869.04,155.50],
  [857.22,155.50],
  [845.39,155.50],
  [833.57,155.50],
  [821.74,155.50],
  [809.92,155.50],
  [798.10,155.50],
  [786.27,155.50],
  [774.45,155.50],
  [561.62,155.50],
  [1542.99,155.50],
  [1891.78,149.60],
  [1879.96,149.60],
  [1868.14,149.60],
  [1856.31,149.60],
  [1844.49,149.60],
  [1832.67,149.60],
  [1820.84,149.60],
  [1809.02,149.60],
  [1797.19,149.60],
  [1785.37,149.60],
  [1773.55,149.60],
  [1761.72,149.60],
  [1749.90,149.60],
  [910.42,149.60],
  [898.60,149.60],
  [886.77,149.60],
  [874.95,149.60],
  [863.13,149.60],
  [851.30,149.60],
  [839.48,149.60],
  [827.66,149.60],
  [815.83,149.60],
  [804.01,149.60],
  [792.19,149.60],
  [780.36,149.60],
  [768.54,149.60],
  [614.83,149.59],
  [1596.19,149.59],
  [1882.92,2048.06],
  [1871.09,2048.06],
  [1859.27,2048.06],
  [1847.45,2048.06],
  [1835.62,2048.06],
  [1823.80,2048.06],
  [1811.97,2048.06],
  [1800.15,2048.06],
  [1788.33,2048.06],
  [1776.50,2048.06],
  [1764.68,2048.06],
  [1752.86,2048.06],
  [1729.21,2048.06],
  [1717.39,2048.06],
  [1670.09,2048.06],
  [1658.27,2048.06],
  [1646.44,2048.06],
  [1634.62,2048.06],
  [1610.97,2048.06],
  [1599.15,2048.06],
  [1563.68,2048.06],
  [1551.85,2048.06],
  [1540.03,2048.06],
  [1528.21,2048.06],
  [1516.38,2048.06],
  [1504.56,2048.06],
  [1492.74,2048.06],
  [901.55,2048.06],
  [889.73,2048.06],
  [877.91,2048.06],
  [866.08,2048.06],
  [854.26,2048.06],
  [842.44,2048.06],
  [830.61,2048.06],
  [818.79,2048.06],
  [806.96,2048.06],
  [795.14,2048.06],
  [783.32,2048.06],
  [771.49,2048.06],
  [747.85,2048.06],
  [736.02,2048.06],
  [688.73,2048.06],
  [676.90,2048.06],
  [665.08,2048.06],
  [653.26,2048.06],
  [629.61,2048.06],
  [617.79,2048.06],
  [582.32,2048.06],
  [570.49,2048.06],
  [558.67,2048.06],
  [546.84,2048.06],
  [535.02,2048.06],
  [523.20,2048.06],
  [511.37,2048.06],
  [517.29,2042.16],
  [529.11,2042.16],
  [576.40,2042.16],
  [588.23,2042.16],
  [600.05,2042.16],
  [623.70,2042.16],
  [635.52,2042.16],
  [647.35,2042.16],
  [706.46,2042.16],
  [718.29,2042.16],
  [777.41,2042.16],
  [789.23,2042.16],
  [801.05,2042.16],
  [812.88,2042.16],
  [824.70,2042.16],
  [836.52,2042.16],
  [848.35,2042.16],
  [860.17,2042.16],
  [871.99,2042.16],
  [883.82,2042.16],
  [895.64,2042.16],
  [907.47,2042.16],
  [1498.65,2042.16],
  [1510.47,2042.16],
  [1557.77,2042.16],
  [1569.59,2042.16],
  [1581.41,2042.16],
  [1605.06,2042.16],
  [1616.89,2042.16],
  [1628.71,2042.16],
  [1687.83,2042.16],
  [1699.65,2042.16],
  [1758.77,2042.16],
  [1770.59,2042.16],
  [1782.42,2042.16],
  [1794.24,2042.16],
  [1806.06,2042.16],
  [1817.89,2042.16],
  [1829.71,2042.16],
  [1841.53,2042.16],
  [1853.36,2042.16],
  [1865.18,2042.16],
  [1877.01,2042.16],
  [1888.83,2042.16],
  [1882.92,2036.25],
  [1871.09,2036.25],
  [1859.27,2036.25],
  [1847.45,2036.25],
  [1835.62,2036.25],
  [1823.80,2036.25],
  [1811.97,2036.25],
  [1800.15,2036.25],
  [1788.33,2036.25],
  [1776.50,2036.25],
  [1764.68,2036.25],
  [1752.86,2036.25],
  [1705.56,2036.25],
  [1693.74,2036.25],
  [1681.92,2036.25],
  [1658.27,2036.25],
  [1646.44,2036.25],
  [1634.62,2036.25],
  [1551.85,2036.25],
  [1540.03,2036.25],
  [1528.21,2036.25],
  [1504.56,2036.25],
  [901.55,2036.25],
  [889.73,2036.25],
  [877.91,2036.25],
  [866.08,2036.25],
  [854.26,2036.25],
  [842.44,2036.25],
  [830.61,2036.25],
  [818.79,2036.25],
  [806.96,2036.25],
  [795.14,2036.25],
  [783.32,2036.25],
  [771.49,2036.25],
  [724.20,2036.25],
  [712.38,2036.25],
  [700.55,2036.25],
  [676.90,2036.25],
  [665.08,2036.25],
  [653.26,2036.25],
  [570.49,2036.25],
  [558.67,2036.25],
  [546.84,2036.25],
  [523.20,2036.25],
  [505.46,2030.35],
  [517.29,2030.35],
  [529.11,2030.35],
  [540.93,2030.35],
  [552.76,2030.35],
  [576.40,2030.35],
  [588.23,2030.35],
  [600.05,2030.35],
  [611.87,2030.35],
  [623.70,2030.35],
  [635.52,2030.35],
  [647.35,2030.35],
  [659.17,2030.35],
  [694.64,2030.35],
  [706.46,2030.35],
  [718.29,2030.35],
  [730.11,2030.35],
  [741.93,2030.35],
  [777.41,2030.35],
  [789.23,2030.35],
  [801.05,2030.35],
  [812.88,2030.35],
  [824.70,2030.35],
  [836.52,2030.35],
  [848.35,2030.35],
  [860.17,2030.35],
  [871.99,2030.35],
  [883.82,2030.35],
  [895.64,2030.35],
  [907.47,2030.35],
  [1486.82,2030.35],
  [1498.65,2030.35],
  [1510.47,2030.35],
  [1522.30,2030.35],
  [1534.12,2030.35],
  [1557.77,2030.35],
  [1569.59,2030.35],
  [1581.41,2030.35],
  [1593.24,2030.35],
  [1605.06,2030.35],
  [1616.89,2030.35],
  [1628.71,2030.35],
  [1640.53,2030.35],
  [1676.00,2030.35],
  [1687.83,2030.35],
  [1699.65,2030.35],
  [1711.47,2030.35],
  [1723.30,2030.35],
  [1758.77,2030.35],
  [1770.59,2030.35],
  [1782.42,2030.35],
  [1794.24,2030.35],
  [1806.06,2030.35],
  [1817.89,2030.35],
  [1829.71,2030.35],
  [1841.53,2030.35],
  [1853.36,2030.35],
  [1865.18,2030.35],
  [1877.01,2030.35],
  [1888.83,2030.35],
  [1882.92,170.26],
  [1871.09,170.26],
  [1859.27,170.26],
  [1847.45,170.26],
  [1835.62,170.26],
  [1823.80,170.26],
  [1811.97,170.26],
  [1800.15,170.26],
  [1788.33,170.26],
  [1776.50,170.26],
  [1764.68,170.26],
  [1752.86,170.26],
  [901.55,170.26],
  [889.73,170.26],
  [877.91,170.26],
  [866.08,170.26],
  [854.26,170.26],
  [842.44,170.26],
  [830.61,170.26],
  [818.79,170.26],
  [806.96,170.26],
  [795.14,170.26],
  [783.32,170.26],
  [771.49,170.26],
  [511.37,170.26],
  [523.20,170.26],
  [535.02,170.26],
  [546.84,170.26],
  [558.67,170.26],
  [570.49,170.26],
  [582.32,170.26],
  [617.79,170.26],
  [629.61,170.26],
  [653.26,170.26],
  [665.08,170.26],
  [676.90,170.26],
  [688.73,170.26],
  [736.02,170.26],
  [747.85,170.26],
  [1492.74,170.26],
  [1504.56,170.26],
  [1516.38,170.26],
  [1528.21,170.26],
  [1540.03,170.26],
  [1551.85,170.26],
  [1563.68,170.26],
  [1599.15,170.26],
  [1610.97,170.26],
  [1634.62,170.26],
  [1646.44,170.26],
  [1658.27,170.26],
  [1670.09,170.26],
  [1717.39,170.26],
  [1729.21,170.26],
  [1888.83,164.36],
  [1877.01,164.36],
  [1865.18,164.36],
  [1853.36,164.36],
  [1841.53,164.36],
  [1829.71,164.36],
  [1817.89,164.36],
  [1806.06,164.36],
  [1794.24,164.36],
  [1782.42,164.36],
  [1770.59,164.36],
  [1758.77,164.36],
  [907.47,164.36],
  [895.64,164.36],
  [883.82,164.36],
  [871.99,164.36],
  [860.17,164.36],
  [848.35,164.36],
  [836.52,164.36],
  [824.70,164.36],
  [812.88,164.36],
  [801.05,164.36],
  [789.23,164.36],
  [777.41,164.36],
  [517.29,164.36],
  [529.11,164.36],
  [576.40,164.36],
  [588.23,164.36],
  [600.05,164.36],
  [623.70,164.36],
  [635.52,164.36],
  [647.35,164.36],
  [706.46,164.36],
  [718.29,164.36],
  [1498.65,164.36],
  [1510.47,164.36],
  [1557.77,164.36],
  [1569.59,164.36],
  [1581.41,164.36],
  [1605.06,164.36],
  [1616.89,164.36],
  [1628.71,164.36],
  [1687.83,164.36],
  [1699.65,164.36],
  [1882.92,158.45],
  [1871.09,158.45],
  [1859.27,158.45],
  [1847.45,158.45],
  [1835.62,158.45],
  [1823.80,158.45],
  [1811.97,158.45],
  [1800.15,158.45],
  [1788.33,158.45],
  [1776.50,158.45],
  [1764.68,158.45],
  [1752.86,158.45],
  [901.55,158.45],
  [889.73,158.45],
  [877.91,158.45],
  [866.08,158.45],
  [854.26,158.45],
  [842.44,158.45],
  [830.61,158.45],
  [818.79,158.45],
  [806.96,158.45],
  [795.14,158.45],
  [783.32,158.45],
  [771.49,158.45],
  [523.20,158.45],
  [546.84,158.45],
  [558.67,158.45],
  [570.49,158.45],
  [653.26,158.45],
  [665.08,158.45],
  [676.90,158.45],
  [700.55,158.45],
  [712.38,158.45],
  [724.20,158.45],
  [1504.56,158.45],
  [1528.21,158.45],
  [1540.03,158.45],
  [1551.85,158.45],
  [1634.62,158.45],
  [1646.44,158.45],
  [1658.27,158.45],
  [1681.92,158.45],
  [1693.74,158.45],
  [1705.56,158.45],
  [1888.83,152.55],
  [1877.01,152.55],
  [1865.18,152.55],
  [1853.36,152.55],
  [1841.53,152.55],
  [1829.71,152.55],
  [1817.89,152.55],
  [1806.06,152.55],
  [1794.24,152.55],
  [1782.42,152.55],
  [1770.59,152.55],
  [1758.77,152.55],
  [907.47,152.55],
  [895.64,152.55],
  [883.82,152.55],
  [871.99,152.55],
  [860.17,152.55],
  [848.35,152.55],
  [836.52,152.55],
  [824.70,152.55],
  [812.88,152.55],
  [801.05,152.55],
  [789.23,152.55],
  [777.41,152.55],
  [505.46,152.55],
  [517.29,152.55],
  [529.11,152.55],
  [540.93,152.55],
  [552.76,152.55],
  [576.40,152.55],
  [588.23,152.55],
  [600.05,152.55],
  [611.87,152.55],
  [623.70,152.55],
  [635.52,152.55],
  [647.35,152.55],
  [659.17,152.55],
  [694.64,152.55],
  [706.46,152.55],
  [718.29,152.55],
  [730.11,152.55],
  [741.93,152.55],
  [1486.82,152.55],
  [1498.65,152.55],
  [1510.47,152.55],
  [1522.30,152.55],
  [1534.12,152.55],
  [1557.77,152.55],
  [1569.59,152.55],
  [1581.41,152.55],
  [1593.24,152.55],
  [1605.06,152.55],
  [1616.89,152.55],
  [1628.71,152.55],
  [1640.53,152.55],
  [1676.00,152.55],
  [1687.83,152.55],
  [1699.65,152.55],
  [1711.47,152.55],
  [1723.30,152.55],
  [1888.83,2048.06],
  [1877.01,2048.06],
  [1865.18,2048.06],
  [1853.36,2048.06],
  [1841.53,2048.06],
  [1829.71,2048.06],
  [1817.89,2048.06],
  [1806.06,2048.06],
  [1794.24,2048.06],
  [1782.42,2048.06],
  [1770.59,2048.06],
  [1758.77,2048.06],
  [1723.30,2048.06],
  [1711.47,2048.06],
  [1664.18,2048.06],
  [1640.53,2048.06],
  [1616.89,2048.06],
  [1605.06,2048.06],
  [1569.59,2048.06],
  [1557.77,2048.06],
  [1534.12,2048.06],
  [1522.30,2048.06],
  [1510.47,2048.06],
  [1498.65,2048.06],
  [907.47,2048.06],
  [895.64,2048.06],
  [883.82,2048.06],
  [871.99,2048.06],
  [860.17,2048.06],
  [848.35,2048.06],
  [836.52,2048.06],
  [824.70,2048.06],
  [812.88,2048.06],
  [801.05,2048.06],
  [789.23,2048.06],
  [777.41,2048.06],
  [741.93,2048.06],
  [730.11,2048.06],
  [682.82,2048.06],
  [659.17,2048.06],
  [635.52,2048.06],
  [623.70,2048.06],
  [588.23,2048.06],
  [576.40,2048.06],
  [552.76,2048.06],
  [540.93,2048.06],
  [529.11,2048.06],
  [517.29,2048.06],
  [511.37,2042.16],
  [523.20,2042.16],
  [570.49,2042.16],
  [582.32,2042.16],
  [594.14,2042.16],
  [629.61,2042.16],
  [641.43,2042.16],
  [700.55,2042.16],
  [712.38,2042.16],
  [771.49,2042.16],
  [783.32,2042.16],
  [795.14,2042.16],
  [806.96,2042.16],
  [818.79,2042.16],
  [830.61,2042.16],
  [842.44,2042.16],
  [854.26,2042.16],
  [866.08,2042.16],
  [877.91,2042.16],
  [889.73,2042.16],
  [901.55,2042.16],
  [1492.74,2042.16],
  [1504.56,2042.16],
  [1551.85,2042.16],
  [1563.68,2042.16],
  [1575.50,2042.16],
  [1610.97,2042.16],
  [1622.80,2042.16],
  [1681.92,2042.16],
  [1693.74,2042.16],
  [1752.86,2042.16],
  [1764.68,2042.16],
  [1776.50,2042.16],
  [1788.33,2042.16],
  [1800.15,2042.16],
  [1811.97,2042.16],
  [1823.80,2042.16],
  [1835.62,2042.16],
  [1847.45,2042.16],
  [1859.27,2042.16],
  [1871.09,2042.16],
  [1882.92,2042.16],
  [1888.83,2036.25],
  [1877.01,2036.25],
  [1865.18,2036.25],
  [1853.36,2036.25],
  [1841.53,2036.25],
  [1829.71,2036.25],
  [1817.89,2036.25],
  [1806.06,2036.25],
  [1794.24,2036.25],
  [1782.42,2036.25],
  [1770.59,2036.25],
  [1758.77,2036.25],
  [1711.47,2036.25],
  [1699.65,2036.25],
  [1687.83,2036.25],
  [1652.36,2036.25],
  [1640.53,2036.25],
  [1557.77,2036.25],
  [1545.94,2036.25],
  [1534.12,2036.25],
  [1498.65,2036.25],
  [907.47,2036.25],
  [895.64,2036.25],
  [883.82,2036.25],
  [871.99,2036.25],
  [860.17,2036.25],
  [848.35,2036.25],
  [836.52,2036.25],
  [824.70,2036.25],
  [812.88,2036.25],
  [801.05,2036.25],
  [789.23,2036.25],
  [777.41,2036.25],
  [730.11,2036.25],
  [718.29,2036.25],
  [706.46,2036.25],
  [670.99,2036.25],
  [659.17,2036.25],
  [576.40,2036.25],
  [564.58,2036.25],
  [552.76,2036.25],
  [517.29,2036.25],
  [511.37,2030.35],
  [523.20,2030.35],
  [546.84,2030.35],
  [558.67,2030.35],
  [582.32,2030.35],
  [605.96,2030.35],
  [629.61,2030.35],
  [653.26,2030.35],
  [665.08,2030.35],
  [688.73,2030.35],
  [700.55,2030.35],
  [712.38,2030.35],
  [724.20,2030.35],
  [736.02,2030.35],
  [747.85,2030.35],
  [771.49,2030.35],
  [783.32,2030.35],
  [795.14,2030.35],
  [806.96,2030.35],
  [818.79,2030.35],
  [830.61,2030.35],
  [842.44,2030.35],
  [854.26,2030.35],
  [866.08,2030.35],
  [877.91,2030.35],
  [889.73,2030.35],
  [901.55,2030.35],
  [1492.74,2030.35],
  [1504.56,2030.35],
  [1528.21,2030.35],
  [1540.03,2030.35],
  [1563.68,2030.35],
  [1587.33,2030.35],
  [1610.97,2030.35],
  [1634.62,2030.35],
  [1646.44,2030.35],
  [1670.09,2030.35],
  [1681.92,2030.35],
  [1693.74,2030.35],
  [1705.56,2030.35],
  [1717.39,2030.35],
  [1729.21,2030.35],
  [1752.86,2030.35],
  [1764.68,2030.35],
  [1776.50,2030.35],
  [1788.33,2030.35],
  [1800.15,2030.35],
  [1811.97,2030.35],
  [1823.80,2030.35],
  [1835.62,2030.35],
  [1847.45,2030.35],
  [1859.27,2030.35],
  [1871.09,2030.35],
  [1882.92,2030.35],
  [1888.83,170.26],
  [1877.01,170.26],
  [1865.18,170.26],
  [1853.36,170.26],
  [1841.53,170.26],
  [1829.71,170.26],
  [1817.89,170.26],
  [1806.06,170.26],
  [1794.24,170.26],
  [1782.42,170.26],
  [1770.59,170.26],
  [1758.77,170.26],
  [907.47,170.26],
  [895.64,170.26],
  [883.82,170.26],
  [871.99,170.26],
  [860.17,170.26],
  [848.35,170.26],
  [836.52,170.26],
  [824.70,170.26],
  [812.88,170.26],
  [801.05,170.26],
  [789.23,170.26],
  [777.41,170.26],
  [517.29,170.26],
  [529.11,170.26],
  [540.93,170.26],
  [552.76,170.26],
  [576.40,170.26],
  [588.23,170.26],
  [623.70,170.26],
  [635.52,170.26],
  [659.17,170.26],
  [682.82,170.26],
  [730.11,170.26],
  [741.93,170.26],
  [1498.65,170.26],
  [1510.47,170.26],
  [1522.30,170.26],
  [1534.12,170.26],
  [1557.77,170.26],
  [1569.59,170.26],
  [1605.06,170.26],
  [1616.89,170.26],
  [1640.53,170.26],
  [1664.18,170.26],
  [1711.47,170.26],
  [1723.30,170.26],
  [1882.92,164.36],
  [1871.09,164.36],
  [1859.27,164.36],
  [1847.45,164.36],
  [1835.62,164.36],
  [1823.80,164.36],
  [1811.97,164.36],
  [1800.15,164.36],
  [1788.33,164.36],
  [1776.50,164.36],
  [1764.68,164.36],
  [1752.86,164.36],
  [901.55,164.36],
  [889.73,164.36],
  [877.91,164.36],
  [866.08,164.36],
  [854.26,164.36],
  [842.44,164.36],
  [830.61,164.36],
  [818.79,164.36],
  [806.96,164.36],
  [795.14,164.36],
  [783.32,164.36],
  [771.49,164.36],
  [511.37,164.36],
  [523.20,164.36],
  [570.49,164.36],
  [582.32,164.36],
  [594.14,164.36],
  [629.61,164.36],
  [641.43,164.36],
  [700.55,164.36],
  [712.38,164.36],
  [1492.74,164.36],
  [1504.56,164.36],
  [1551.85,164.36],
  [1563.68,164.36],
  [1575.50,164.36],
  [1610.97,164.36],
  [1622.80,164.36],
  [1681.92,164.36],
  [1693.74,164.36],
  [1888.83,158.45],
  [1877.01,158.45],
  [1865.18,158.45],
  [1853.36,158.45],
  [1841.53,158.45],
  [1829.71,158.45],
  [1817.89,158.45],
  [1806.06,158.45],
  [1794.24,158.45],
  [1782.42,158.45],
  [1770.59,158.45],
  [1758.77,158.45],
  [907.47,158.45],
  [895.64,158.45],
  [883.82,158.45],
  [871.99,158.45],
  [860.17,158.45],
  [848.35,158.45],
  [836.52,158.45],
  [824.70,158.45],
  [812.88,158.45],
  [801.05,158.45],
  [789.23,158.45],
  [777.41,158.45],
  [517.29,158.45],
  [552.76,158.45],
  [564.58,158.45],
  [576.40,158.45],
  [659.17,158.45],
  [670.99,158.45],
  [706.46,158.45],
  [718.29,158.45],
  [730.11,158.45],
  [1498.65,158.45],
  [1534.12,158.45],
  [1545.94,158.45],
  [1557.77,158.45],
  [1640.53,158.45],
  [1652.36,158.45],
  [1687.83,158.45],
  [1699.65,158.45],
  [1711.47,158.45],
  [1882.92,152.55],
  [1871.09,152.55],
  [1859.27,152.55],
  [1847.45,152.55],
  [1835.62,152.55],
  [1823.80,152.55],
  [1811.97,152.55],
  [1800.15,152.55],
  [1788.33,152.55],
  [1776.50,152.55],
  [1764.68,152.55],
  [1752.86,152.55],
  [901.55,152.55],
  [889.73,152.55],
  [877.91,152.55],
  [866.08,152.55],
  [854.26,152.55],
  [842.44,152.55],
  [830.61,152.55],
  [818.79,152.55],
  [806.96,152.55],
  [795.14,152.55],
  [783.32,152.55],
  [771.49,152.55],
  [511.37,152.55],
  [523.20,152.55],
  [546.84,152.55],
  [558.67,152.55],
  [582.32,152.55],
  [605.96,152.55],
  [629.61,152.55],
  [653.26,152.55],
  [665.08,152.55],
  [688.73,152.55],
  [700.55,152.55],
  [712.38,152.55],
  [724.20,152.55],
  [736.02,152.55],
  [747.85,152.55],
  [1492.74,152.55],
  [1504.56,152.55],
  [1528.21,152.55],
  [1540.03,152.55],
  [1563.68,152.55],
  [1587.33,152.55],
  [1610.97,152.55],
  [1634.62,152.55],
  [1646.44,152.55],
  [1670.09,152.55],
  [1681.92,152.55],
  [1693.74,152.55],
  [1705.56,152.55],
  [1717.39,152.55],
  [1729.21,152.55],
  [1885.87,2051.02],
  [1874.05,2051.02],
  [1862.22,2051.02],
  [1850.40,2051.02],
  [1838.58,2051.02],
  [1826.75,2051.02],
  [1814.93,2051.02],
  [1803.11,2051.02],
  [1791.28,2051.02],
  [1779.46,2051.02],
  [1767.64,2051.02],
  [1755.81,2051.02],
  [904.51,2051.02],
  [892.69,2051.02],
  [880.86,2051.02],
  [869.04,2051.02],
  [857.22,2051.02],
  [845.39,2051.02],
  [833.57,2051.02],
  [821.74,2051.02],
  [809.92,2051.02],
  [798.10,2051.02],
  [786.27,2051.02],
  [774.45,2051.02],
  [768.54,2045.11],
  [780.36,2045.11],
  [792.19,2045.11],
  [804.01,2045.11],
  [815.83,2045.11],
  [827.66,2045.11],
  [839.48,2045.11],
  [851.30,2045.11],
  [863.13,2045.11],
  [874.95,2045.11],
  [886.77,2045.11],
  [898.60,2045.11],
  [910.42,2045.11],
  [1749.90,2045.11],
  [1761.72,2045.11],
  [1773.55,2045.11],
  [1785.37,2045.11],
  [1797.19,2045.11],
  [1809.02,2045.11],
  [1820.84,2045.11],
  [1832.67,2045.11],
  [1844.49,2045.11],
  [1856.31,2045.11],
  [1868.14,2045.11],
  [1879.96,2045.11],
  [1891.78,2045.11],
  [1885.87,2039.21],
  [1874.05,2039.21],
  [1862.22,2039.21],
  [1850.40,2039.21],
  [1838.58,2039.21],
  [1826.75,2039.21],
  [1814.93,2039.21],
  [1803.11,2039.21],
  [1791.28,2039.21],
  [1779.46,2039.21],
  [1767.64,2039.21],
  [1755.81,2039.21],
  [904.51,2039.21],
  [892.69,2039.21],
  [880.86,2039.21],
  [869.04,2039.21],
  [857.22,2039.21],
  [845.39,2039.21],
  [833.57,2039.21],
  [821.74,2039.21],
  [809.92,2039.21],
  [798.10,2039.21],
  [786.27,2039.21],
  [774.45,2039.21],
  [768.54,2033.30],
  [780.36,2033.30],
  [792.19,2033.30],
  [804.01,2033.30],
  [815.83,2033.30],
  [827.66,2033.30],
  [839.48,2033.30],
  [851.30,2033.30],
  [863.13,2033.30],
  [874.95,2033.30],
  [886.77,2033.30],
  [898.60,2033.30],
  [910.42,2033.30],
  [1749.90,2033.30],
  [1761.72,2033.30],
  [1773.55,2033.30],
  [1785.37,2033.30],
  [1797.19,2033.30],
  [1809.02,2033.30],
  [1820.84,2033.30],
  [1832.67,2033.30],
  [1844.49,2033.30],
  [1856.31,2033.30],
  [1868.14,2033.30],
  [1879.96,2033.30],
  [1891.78,2033.30],
  [1885.87,2027.40],
  [1874.05,2027.40],
  [1862.22,2027.40],
  [1850.40,2027.40],
  [1838.58,2027.40],
  [1826.75,2027.40],
  [1814.93,2027.40],
  [1803.11,2027.40],
  [1791.28,2027.40],
  [1779.46,2027.40],
  [1767.64,2027.40],
  [1755.81,2027.40],
  [904.51,2027.40],
  [892.69,2027.40],
  [880.86,2027.40],
  [869.04,2027.40],
  [857.22,2027.40],
  [845.39,2027.40],
  [833.57,2027.40],
  [821.74,2027.40],
  [809.92,2027.40],
  [798.10,2027.40],
  [786.27,2027.40],
  [774.45,2027.40],
  [774.45,173.22],
  [786.27,173.22],
  [798.10,173.22],
  [809.92,173.22],
  [821.74,173.22],
  [833.57,173.22],
  [845.39,173.22],
  [857.22,173.22],
  [869.04,173.22],
  [880.86,173.22],
  [892.69,173.22],
  [904.51,173.22],
  [1755.81,173.22],
  [1767.64,173.22],
  [1779.46,173.22],
  [1791.28,173.22],
  [1803.11,173.22],
  [1814.93,173.22],
  [1826.75,173.22],
  [1838.58,173.22],
  [1850.40,173.22],
  [1862.22,173.22],
  [1874.05,173.22],
  [1885.87,173.22],
  [1891.78,167.31],
  [1879.96,167.31],
  [1868.14,167.31],
  [1856.31,167.31],
  [1844.49,167.31],
  [1832.67,167.31],
  [1820.84,167.31],
  [1809.02,167.31],
  [1797.19,167.31],
  [1785.37,167.31],
  [1773.55,167.31],
  [1761.72,167.31],
  [1749.90,167.31],
  [910.42,167.31],
  [898.60,167.31],
  [886.77,167.31],
  [874.95,167.31],
  [863.13,167.31],
  [851.30,167.31],
  [839.48,167.31],
  [827.66,167.31],
  [815.83,167.31],
  [804.01,167.31],
  [792.19,167.31],
  [780.36,167.31],
  [768.54,167.31],
  [774.45,161.41],
  [786.27,161.41],
  [798.10,161.41],
  [809.92,161.41],
  [821.74,161.41],
  [833.57,161.41],
  [845.39,161.41],
  [857.22,161.41],
  [869.04,161.41],
  [880.86,161.41],
  [892.69,161.41],
  [904.51,161.41],
  [1755.81,161.41],
  [1767.64,161.41],
  [1779.46,161.41],
  [1791.28,161.41],
  [1803.11,161.41],
  [1814.93,161.41],
  [1826.75,161.41],
  [1838.58,161.41],
  [1850.40,161.41],
  [1862.22,161.41],
  [1874.05,161.41],
  [1885.87,161.41],
  [1891.78,155.50],
  [1879.96,155.50],
  [1868.14,155.50],
  [1856.31,155.50],
  [1844.49,155.50],
  [1832.67,155.50],
  [1820.84,155.50],
  [1809.02,155.50],
  [1797.19,155.50],
  [1785.37,155.50],
  [1773.55,155.50],
  [1761.72,155.50],
  [1749.90,155.50],
  [910.42,155.50],
  [898.60,155.50],
  [886.77,155.50],
  [874.95,155.50],
  [863.13,155.50],
  [851.30,155.50],
  [839.48,155.50],
  [827.66,155.50],
  [815.83,155.50],
  [804.01,155.50],
  [792.19,155.50],
  [780.36,155.50],
  [768.54,155.50],
  [774.45,149.60],
  [786.27,149.60],
  [798.10,149.60],
  [809.92,149.60],
  [821.74,149.60],
  [833.57,149.60],
  [845.39,149.60],
  [857.22,149.60],
  [869.04,149.60],
  [880.86,149.60],
  [892.69,149.60],
  [904.51,149.60],
  [1755.81,149.60],
  [1767.64,149.60],
  [1779.46,149.60],
  [1791.28,149.60],
  [1803.11,149.60],
  [1814.93,149.60],
  [1826.75,149.60],
  [1838.58,149.60],
  [1850.40,149.60],
  [1862.22,149.60],
  [1874.05,149.60],
  [1885.87,149.60],
  [0.00,0.00]
]