[
  [1025.70,1971.30],
  [1161.67,1965.39],
  [1191.23,1959.49],
  [1167.59,1959.49],
  [1096.64,1959.49],
  [1102.56,1953.58],
  [1090.73,1953.58],
  [1019.79,1953.58],
  [1232.62,1941.77],
  [1043.44,1941.77],
  [1238.53,1935.87],
  [1167.59,1935.87],
  [1132.11,1935.87],
  [1268.09,1929.96],
  [1244.44,1929.96],
  [1067.08,1929.96],
  [1179.41,1924.06],
  [1049.35,1924.06],
  [1037.53,1924.06],
  [1126.20,1918.15],
  [1090.73,1918.15],
  [984.32,1918.15],
  [1327.20,1906.34],
  [1031.61,1906.34],
  [996.14,1906.34],
  [1049.35,1900.44],
  [1185.32,1894.53],
  [1114.38,1894.53],
  [1315.38,1882.72],
  [1291.73,1882.72],
  [1078.91,1882.72],
  [1013.88,1876.82],
  [1735.12,1746.91],
  [741.93,1746.91],
  [1729.21,1741.00],
  [736.02,1741.00],
  [1522.30,1723.29],
  [529.11,1723.29],
  [1185.32,1646.52],
  [1569.59,1522.52],
  [576.40,1522.52],
  [1149.85,1445.75],
  [617.79,1445.75],
  [1031.61,1422.13],
  [1108.47,1416.22],
  [753.76,1416.22],
  [1031.61,1410.32],
  [594.14,1410.32],
  [759.67,1398.51],
  [605.96,1398.51],
  [753.76,1274.50],
  [659.17,1250.88],
  [1268.09,1244.98],
  [594.14,1244.98],
  [611.87,1227.26],
  [1279.91,1221.36],
  [659.17,1156.40],
  [1226.70,1002.87],
  [1149.85,996.97],
  [1610.97,973.35],
  [1037.53,802.10],
  [1315.38,796.20],
  [1114.38,796.20],
  [1090.73,796.20],
  [1274.00,790.29],
  [1132.11,790.29],
  [1108.47,790.29],
  [1013.88,790.29],
  [1268.09,784.39],
  [1114.38,784.39],
  [1031.61,784.39],
  [1664.18,778.48],
  [1238.53,778.48],
  [1096.64,778.48],
  [1049.35,778.48],
  [978.41,778.48],
  [1232.62,772.58],
  [1185.32,772.58],
  [1078.91,772.58],
  [1055.26,772.58],
  [1019.79,772.58],
  [1214.88,766.67],
  [1191.23,766.67],
  [1167.59,766.67],
  [1084.82,766.67],
  [1073.00,766.67],
  [1232.62,760.77],
  [1161.67,760.77],
  [1262.18,754.86],
  [1250.35,754.86],
  [1179.41,754.86],
  [1025.70,754.86],
  [1268.09,748.96],
  [1244.44,748.96],
  [1173.50,748.96],
  [1132.11,743.05],
  [1120.29,743.05],
  [1019.79,725.34],
  [996.14,725.34],
  [1037.53,719.43],
  [1002.05,719.43],
  [1173.50,559.99],
  [1610.97,548.18],
  [1173.50,548.18],
  [1220.79,536.37],
  [1628.71,2048.06],
  [1628.71,2036.25],
  [1616.89,2048.06],
  [1616.89,2036.25],
  [1605.06,2048.06],
  [1605.06,2036.25],
  [1593.24,2048.06],
  [1593.24,2036.25],
  [1581.41,2048.06],
  [1581.41,2036.25],
  [1569.59,2048.06],
  [1569.59,2036.25],
  [1557.77,2048.06],
  [1557.77,2036.25],
  [1545.94,2048.06],
  [1545.94,2036.25],
  [1534.12,2048.06],
  [1534.12,2036.25],
  [1522.30,2048.06],
  [1522.30,2036.25],
  [1510.47,2048.06],
  [1510.47,2036.25],
  [1498.65,2048.06],
  [1498.65,2036.25],
  [1622.80,2042.16],
  [1622.80,2030.35],
  [1610.97,2042.16],
  [1610.97,2030.35],
  [1599.15,2042.16],
  [1599.15,2030.35],
  [1587.33,2042.16],
  [1587.33,2030.35],
  [1575.50,2042.16],
  [1575.50,2030.35],
  [1563.68,2042.16],
  [1563.68,2030.35],
  [1551.85,2042.16],
  [1551.85,2030.35],
  [1540.03,2042.16],
  [1540.03,2030.35],
  [1528.21,2042.16],
  [1528.21,2030.35],
  [1516.38,2042.16],
  [1516.38,2030.35],
  [1504.56,2042.16],
  [1504.56,2030.35],
  [1492.74,2042.16],
  [1492.74,2030.35],
  [647.35,2048.06],
  [647.35,2036.25],
  [635.52,2048.06],
  [635.52,2036.25],
  [623.70,2048.06],
  [623.70,2036.25],
  [611.88,2048.06],
  [611.88,2036.25],
  [600.05,2048.06],
  [600.05,2036.25],
  [588.23,2048.06],
  [588.23,2036.25],
  [576.40,2048.06],
  [576.40,2036.25],
  [564.58,2048.06],
  [564.58,2036.25],
  [552.76,2048.06],
  [552.76,2036.25],
  [540.93,2048.06],
  [540.93,2036.25],
  [529.11,2048.06],
  [529.11,2036.25],
  [517.29,2048.06],
  [517.29,2036.25],
  [641.43,2042.16],
  [641.43,2030.35],
  [629.61,2042.16],
  [629.61,2030.35],
  [617.79,2042.16],
  [617.79,2030.35],
  [605.96,2042.16],
  [605.96,2030.35],
  [594.14,2042.16],
  [594.14,2030.35],
  [582.32,2042.16],
  [582.32,2030.35],
  [570.49,2042.16],
  [570.49,2030.35],
  [558.67,2042.16],
  [558.67,2030.35],
  [546.85,2042.16],
  [546.85,2030.35],
  [535.02,2042.16],
  [535.02,2030.35],
  [523.20,2042.16],
  [523.20,2030.35],
  [511.37,2042.16],
  [511.37,2030.35],
  [1628.71,170.26],
  [1628.71,158.45],
  [1616.89,170.26],
  [1616.89,158.45],
  [1605.06,170.26],
  [1605.06,158.45],
  [1593.24,170.26],
  [1593.24,158.45],
  [1581.41,170.26],
  [1581.41,158.45],
  [1569.59,170.26],
  [1569.59,158.45],
  [1557.77,170.26],
  [1557.77,158.45],
  [1545.94,170.26],
  [1545.94,158.45],
  [1534.12,170.26],
  [1534.12,158.45],
  [1522.30,170.26],
  [1522.30,158.45],
  [1510.47,170.26],
  [1510.47,158.45],
  [1498.65,170.26],
  [1498.65,158.45],
  [1622.80,164.36],
  [1622.80,152.55],
  [1610.97,164.36],
  [1610.97,152.55],
  [1599.15,164.36],
  [1599.15,152.55],
  [1587.33,164.36],
  [1587.33,152.55],
  [1575.50,164.36],
  [1575.50,152.55],
  [1563.68,164.36],
  [1563.68,152.55],
  [1551.85,164.36],
  [1551.85,152.55],
  [1540.03,164.36],
  [1540.03,152.55],
  [1528.21,164.36],
  [1528.21,152.55],
  [1516.38,164.36],
  [1516.38,152.55],
  [1504.56,164.36],
  [1504.56,152.55],
  [1492.74,164.36],
  [1492.74,152.55],
  [647.35,170.26],
  [647.35,158.45],
  [635.52,170.26],
  [635.52,158.45],
  [623.70,170.26],
  [623.70,158.45],
  [611.88,170.26],
  [611.88,158.45],
  [600.05,170.26],
  [600.05,158.45],
  [588.23,170.26],
  [588.23,158.45],
  [576.40,170.26],
  [576.40,158.45],
  [564.58,170.26],
  [564.58,158.45],
  [552.76,170.26],
  [552.76,158.45],
  [540.93,170.26],
  [540.93,158.45],
  [529.11,170.26],
  [529.11,158.45],
  [517.29,170.26],
  [517.29,158.45],
  [641.43,164.36],
  [641.43,152.55],
  [629.61,164.36],
  [629.61,152.55],
  [617.79,164.36],
  [617.79,152.55],
  [605.96,164.36],
  [605.96,152.55],
  [594.14,164.36],
  [594.14,152.55],
  [582.32,164.36],
  [582.32,152.55],
  [570.49,164.36],
  [570.49,152.55],
  [558.67,164.36],
  [558.67,152.55],
  [546.85,164.36],
  [546.85,152.55],
  [535.02,164.36],
  [535.02,152.55],
  [523.20,164.36],
  [523.20,152.55],
  [511.37,164.36],
  [511.37,152.55],
  [1888.83,2048.06],
  [1877.01,2048.06],
  [1853.36,2048.06],
  [1841.54,2048.06],
  [1829.71,2048.06],
  [1782.42,2048.06],
  [1746.95,2048.06],
  [1723.30,2048.06],
  [1711.47,2048.06],
  [1676.00,2048.06],
  [1652.36,2048.06],
  [907.47,2048.06],
  [895.64,2048.06],
  [871.99,2048.06],
  [860.17,2048.06],
  [848.35,2048.06],
  [801.05,2048.06],
  [765.58,2048.06],
  [741.93,2048.06],
  [730.11,2048.06],
  [694.64,2048.06],
  [670.99,2048.06],
  [1871.09,2042.16],
  [1800.15,2042.16],
  [1776.51,2042.16],
  [1752.86,2042.16],
  [889.73,2042.16],
  [818.79,2042.16],
  [795.14,2042.16],
  [771.49,2042.16],
  [1877.01,2036.25],
  [1853.36,2036.25],
  [1841.54,2036.25],
  [1746.95,2036.25],
  [1723.30,2036.25],
  [1699.65,2036.25],
  [895.64,2036.25],
  [871.99,2036.25],
  [860.17,2036.25],
  [765.58,2036.25],
  [741.93,2036.25],
  [718.29,2036.25],
  [1894.74,2030.35],
  [1871.09,2030.35],
  [1859.27,2030.35],
  [1823.80,2030.35],
  [1811.98,2030.35],
  [1800.15,2030.35],
  [1776.51,2030.35],
  [1764.68,2030.35],
  [1752.86,2030.35],
  [913.38,2030.35],
  [889.73,2030.35],
  [877.91,2030.35],
  [842.44,2030.35],
  [830.61,2030.35],
  [818.79,2030.35],
  [795.14,2030.35],
  [783.32,2030.35],
  [771.49,2030.35],
  [1888.83,170.26],
  [1877.01,170.26],
  [1853.36,170.26],
  [1841.54,170.26],
  [1829.71,170.26],
  [1782.42,170.26],
  [1746.95,170.26],
  [1723.30,170.26],
  [1711.47,170.26],
  [1676.00,170.26],
  [1652.36,170.26],
  [907.47,170.26],
  [895.64,170.26],
  [871.99,170.26],
  [860.17,170.26],
  [848.35,170.26],
  [801.05,170.26],
  [765.58,170.26],
  [741.93,170.26],
  [730.11,170.26],
  [694.64,170.26],
  [670.99,170.26],
  [1871.09,164.36],
  [1800.15,164.36],
  [1776.51,164.36],
  [1752.86,164.36],
  [889.73,164.36],
  [818.79,164.36],
  [795.14,164.36],
  [771.49,164.36],
  [1877.01,158.45],
  [1853.36,158.45],
  [1841.54,158.45],
  [1746.95,158.45],
  [1723.30,158.45],
  [1699.65,158.45],
  [895.64,158.45],
  [871.99,158.45],
  [860.17,158.45],
  [765.58,158.45],
  [741.93,158.45],
  [718.29,158.45],
  [1894.74,152.55],
  [1871.09,152.55],
  [1859.27,152.55],
  [1823.80,152.55],
  [1811.98,152.55],
  [1800.15,152.55],
  [1776.51,152.55],
  [1764.68,152.55],
  [1752.86,152.55],
  [913.38,152.55],
  [889.73,152.55],
  [877.91,152.55],
  [842.44,152.55],
  [830.61,152.55],
  [818.79,152.55],
  [795.14,152.55],
  [783.32,152.55],
  [771.49,152.55]
]