[
  [2017.00,663.00],
  [2017.00,703.00],
  [2018.00,741.00],
  [2017.00,779.00],
  [2016.00,817.00],
  [2019.00,856.00],
  [2019.00,896.00],
  [2019.00,935.00],
  [2031.00,966.00],
  [1963.00,877.00],
  [1964.00,901.00],
  [1941.00,934.00],
  [1862.00,666.00],
  [1863.00,705.00],
  [1865.00,742.00],
  [1865.00,780.00],
  [1865.00,820.00],
  [1866.00,859.00],
  [1864.00,895.00],
  [1864.00,938.00],
  [1972.00,1051.00],
  [1971.00,1090.00],
  [1972.00,1128.00],
  [1974.00,1168.00],
  [1973.00,1205.00],
  [1974.00,1245.00],
  [1974.00,1284.00],
  [1943.00,1110.00],
  [1915.00,1150.00],
  [1856.00,1053.00],
  [1856.00,1090.00],
  [1858.00,1130.00],
  [1857.00,1169.00],
  [1857.00,1207.00],
  [1858.00,1245.00],
  [1857.00,1286.00],
  [1820.00,1246.00],
  [2034.00,1360.00],
  [1860.00,1392.00],
  [1781.00,1390.00],
  [1976.00,1456.00],
  [1976.00,1494.00],
  [1975.00,1536.00],
  [1978.00,1573.00],
  [1978.00,1611.00],
  [1977.00,1651.00],
  [1977.00,1688.00],
  [1976.00,1728.00],
  [1979.00,1767.00],
  [1979.00,1806.00],
  [1978.00,1852.00],
  [2026.00,1573.00],
  [2026.00,1648.00],
  [2025.00,1729.00],
  [2036.00,1854.00],
  [1931.00,1775.00],
  [1901.00,1887.00],
  [1861.00,1456.00],
  [1859.00,1498.00],
  [1861.00,1537.00],
  [1859.00,1576.00],
  [1860.00,1614.00],
  [1861.00,1651.00],
  [1858.00,1691.00],
  [1861.00,1731.00],
  [1860.00,1768.00],
  [1865.00,2287.00],
  [1860.00,1853.00],
  [1979.00,1978.00],
  [1979.00,2015.00],
  [1979.00,2055.00],
  [1978.00,2097.00],
  [1981.00,2133.00],
  [1980.00,2092.00],
  [1980.00,2210.00],
  [1982.00,2248.00],
  [1981.00,2284.00],
  [1983.00,2326.00],
  [1984.00,2377.00],
  [2031.00,2376.00],
  [1952.00,2058.00],
  [1922.00,2093.00],
  [1933.00,2209.00],
  [1923.00,2250.00],
  [1862.00,1930.00],
  [1864.00,1979.00],
  [1864.00,2017.00],
  [1865.00,2056.00],
  [1865.00,2093.00],
  [1864.00,2136.00],
  [1866.00,2174.00],
  [1865.00,2214.00],
  [1866.00,2250.00],
  [1865.00,2291.00],
  [1868.00,2329.00],
  [1982.00,2459.00],
  [1983.00,2579.00],
  [1985.00,2541.00],
  [1985.00,2576.00],
  [1984.00,2616.00],
  [1986.00,2653.00],
  [1984.00,2671.00],
  [1988.00,2734.00],
  [1937.00,2696.00],
  [1906.00,2616.00],
  [1867.00,2414.00],
  [1867.00,2462.00],
  [1869.00,2502.00],
  [1869.00,2544.00],
  [1870.00,2578.00],
  [1867.00,2619.00],
  [1868.00,2657.00],
  [1871.00,2697.00],
  [1870.00,2736.00],
  [1958.00,2830.00],
  [2034.00,2857.00],
  [2035.00,2906.00],
  [2037.00,3218.00],
  [2038.00,3361.00],
  [1988.00,2985.00],
  [1989.00,3020.00],
  [1988.00,3061.00],
  [1990.00,3099.00],
  [1989.00,3139.00],
  [1989.00,3178.00],
  [1990.00,3214.00],
  [1990.00,3257.00],
  [1993.00,3365.00],
  [1921.00,2983.00],
  [1904.00,3103.00],
  [1870.00,2859.00],
  [1872.00,2938.00],
  [1872.00,2987.00],
  [1871.00,3027.00],
  [1874.00,3066.00],
  [1871.00,3104.00],
  [1873.00,3138.00],
  [1873.00,3180.00],
  [1873.00,3219.00],
  [1874.00,3258.00],
  [1758.00,540.00],
  [1709.00,559.00],
  [567.00,535.00],
  [570.00,578.00],
  [511.00,558.00],
  [462.00,558.00],
  [248.00,561.00],
  [1563.00,707.00],
  [1524.00,707.00],
  [1486.00,709.00],
  [1447.00,710.00],
  [1409.00,708.00],
  [1370.00,709.00],
  [1332.00,709.00],
  [1293.00,709.00],
  [1257.00,707.00],
  [1216.00,709.00],
  [1180.00,710.00],
  [1138.00,709.00],
  [1101.00,712.00],
  [1061.00,710.00],
  [1024.00,710.00],
  [985.00,711.00],
  [946.00,710.00],
  [908.00,709.00],
  [874.00,1111.00],
  [832.00,1111.00],
  [947.00,713.00],
  [908.00,711.00],
  [872.00,1110.00],
  [789.00,627.00],
  [753.00,712.00],
  [716.00,713.00],
  [677.00,712.00],
  [638.00,710.00],
  [1564.00,745.00],
  [1526.00,746.00],
  [1489.00,745.00],
  [1449.00,745.00],
  [1409.00,746.00],
  [1373.00,745.00],
  [1334.00,746.00],
  [1296.00,745.00],
  [1258.00,747.00],
  [1216.00,748.00],
  [1178.00,744.00],
  [1139.00,748.00],
  [1096.00,751.00],
  [1060.00,747.00],
  [1023.00,748.00],
  [986.00,748.00],
  [947.00,751.00],
  [910.00,747.00],
  [875.00,1146.00],
  [833.00,1147.00],
  [792.00,1148.00],
  [751.00,752.00],
  [714.00,750.00],
  [678.00,750.00],
  [638.00,751.00],
  [1721.00,782.00],
  [1681.00,782.00],
  [1641.00,784.00],
  [1602.00,784.00],
  [1565.00,785.00],
  [1527.00,784.00],
  [1489.00,786.00],
  [1450.00,784.00],
  [1025.00,803.00],
  [983.00,807.00],
  [1025.00,845.00],
  [638.00,788.00],
  [598.00,792.00],
  [561.00,790.00],
  [521.00,790.00],
  [1627.00,1323.00],
  [1625.00,1282.00],
  [1627.00,1243.00],
  [1627.00,1205.00],
  [1622.00,685.00],
  [1627.00,1129.00],
  [1625.00,1088.00],
  [1626.00,1051.00],
  [1626.00,984.00],
  [1606.00,935.00],
  [1645.00,934.00],
  [1683.00,933.00],
  [1703.00,985.00],
  [1720.00,934.00],
  [1739.00,891.00],
  [1759.00,934.00],
  [1743.00,1052.00],
  [1742.00,1090.00],
  [1740.00,1129.00],
  [1741.00,1164.00],
  [1745.00,1206.00],
  [1744.00,1247.00],
  [1743.00,1284.00],
  [1743.00,1322.00],
  [1513.00,1373.00],
  [1580.00,1373.00],
  [1581.00,1323.00],
  [1540.00,1284.00],
  [1511.00,1285.00],
  [1512.00,1246.00],
  [1511.00,1206.00],
  [1558.00,1204.00],
  [1512.00,1169.00],
  [1510.00,1127.00],
  [1510.00,1091.00],
  [1508.00,1052.00],
  [1474.00,1043.00],
  [1471.00,983.00],
  [1450.00,935.00],
  [1434.00,906.00],
  [1491.00,936.00],
  [1528.00,935.00],
  [1568.00,933.00],
  [1395.00,987.00],
  [1395.00,1055.00],
  [1396.00,1092.00],
  [1394.00,1127.00],
  [1395.00,1168.00],
  [1396.00,1207.00],
  [1425.00,1228.00],
  [1396.00,1246.00],
  [1397.00,1285.00],
  [1398.00,1339.00],
  [1398.00,1458.00],
  [1340.00,1295.00],
  [1329.00,1169.00],
  [1280.00,1372.00],
  [1282.00,1322.00],
  [1282.00,1286.00],
  [1278.00,1243.00],
  [1281.00,1209.00],
  [1280.00,1170.00],
  [1280.00,1132.00],
  [1281.00,1092.00],
  [1281.00,1054.00],
  [1257.00,958.00],
  [1242.00,984.00],
  [1165.00,988.00],
  [1164.00,1057.00],
  [1163.00,1095.00],
  [1165.00,1132.00],
  [1166.00,1170.00],
  [1166.00,1208.00],
  [1165.00,1246.00],
  [1165.00,1289.00],
  [1167.00,1327.00],
  [1088.00,1049.00],
  [1107.00,1151.00],
  [1108.00,1286.00],
  [1087.00,1329.00],
  [1049.00,1058.00],
  [1049.00,1093.00],
  [1049.00,1134.00],
  [1051.00,1172.00],
  [1048.00,1207.00],
  [1050.00,1249.00],
  [1052.00,1289.00],
  [1050.00,1328.00],
  [1050.00,1378.00],
  [1019.00,1323.00],
  [1021.00,1269.00],
  [1019.00,1226.00],
  [1014.00,988.00],
  [974.00,1172.00],
  [934.00,989.00],
  [935.00,1058.00],
  [936.00,1097.00],
  [935.00,1134.00],
  [936.00,1175.00],
  [936.00,1210.00],
  [936.00,1250.00],
  [936.00,1287.00],
  [935.00,1327.00],
  [896.00,1466.00],
  [898.00,1043.00],
  [899.00,1284.00],
  [900.00,1326.00],
  [860.00,1327.00],
  [859.00,1371.00],
  [861.00,1533.00],
  [860.00,1683.00],
  [859.00,1325.00],
  [883.00,1876.00],
  [817.00,1458.00],
  [816.00,1496.00],
  [817.00,1539.00],
  [819.00,1568.00],
  [816.00,1117.00],
  [815.00,1648.00],
  [816.00,1684.00],
  [817.00,1807.00],
  [788.00,1357.00],
  [768.00,1195.00],
  [777.00,990.00],
  [730.00,1139.00],
  [695.00,913.00],
  [702.00,991.00],
  [703.00,1058.00],
  [699.00,1095.00],
  [700.00,1137.00],
  [701.00,1176.00],
  [699.00,1215.00],
  [701.00,1252.00],
  [702.00,1291.00],
  [702.00,1325.00],
  [642.00,943.00],
  [602.00,945.00],
  [564.00,945.00],
  [525.00,943.00],
  [542.00,993.00],
  [640.00,1059.00],
  [583.00,1058.00],
  [585.00,1098.00],
  [585.00,1138.00],
  [641.00,1135.00],
  [585.00,1176.00],
  [584.00,1215.00],
  [586.00,1254.00],
  [645.00,1250.00],
  [623.00,1290.00],
  [586.00,1289.00],
  [585.00,1340.00],
  [540.00,1375.00],
  [473.00,1342.00],
  [406.00,1255.00],
  [414.00,1079.00],
  [354.00,1056.00],
  [354.00,1100.00],
  [354.00,1141.00],
  [354.00,1179.00],
  [353.00,1216.00],
  [354.00,1260.00],
  [354.00,1292.00],
  [354.00,1345.00],
  [358.00,1383.00],
  [326.00,792.00],
  [326.00,1312.00],
  [326.00,870.00],
  [327.00,909.00],
  [315.00,947.00],
  [274.00,946.00],
  [313.00,995.00],
  [316.00,1051.00],
  [295.00,1273.00],
  [296.00,1383.00],
  [234.00,994.00],
  [237.00,1062.00],
  [238.00,1103.00],
  [238.00,1140.00],
  [235.00,1179.00],
  [237.00,1216.00],
  [238.00,1259.00],
  [239.00,1295.00],
  [241.00,1344.00],
  [198.00,1207.00],
  [201.00,1141.00],
  [200.00,1024.00],
  [170.00,996.00],
  [166.00,905.00],
  [167.00,863.00],
  [166.00,826.00],
  [166.00,790.00],
  [1816.00,1652.00],
  [1804.00,1728.00],
  [1806.00,1805.00],
  [1746.00,1456.00],
  [1747.00,1494.00],
  [1748.00,1533.00],
  [1747.00,1570.00],
  [1746.00,1611.00],
  [1747.00,1650.00],
  [1749.00,1690.00],
  [1743.00,1724.00],
  [1751.00,1768.00],
  [1744.00,1807.00],
  [1749.00,1856.00],
  [1748.00,1902.00],
  [1627.00,1407.00],
  [1633.00,1460.00],
  [1630.00,1495.00],
  [1628.00,1533.00],
  [1631.00,1573.00],
  [1634.00,1612.00],
  [1632.00,1651.00],
  [1633.00,1692.00],
  [1632.00,1731.00],
  [1629.00,1766.00],
  [1632.00,1806.00],
  [1631.00,1855.00],
  [1653.00,1886.00],
  [1633.00,1931.00],
  [1580.00,1456.00],
  [1592.00,1536.00],
  [1514.00,1458.00],
  [1514.00,1495.00],
  [1514.00,1538.00],
  [1509.00,1575.00],
  [1514.00,1617.00],
  [1513.00,1653.00],
  [1513.00,1692.00],
  [1516.00,1730.00],
  [1515.00,1770.00],
  [1516.00,1807.00],
  [1515.00,1855.00],
  [1527.00,1888.00],
  [1475.00,1748.00],
  [1436.00,1538.00],
  [1400.00,1411.00],
  [1397.00,1457.00],
  [1399.00,1499.00],
  [1399.00,1537.00],
  [1396.00,1575.00],
  [1398.00,1615.00],
  [1401.00,1651.00],
  [1398.00,1691.00],
  [1398.00,1729.00],
  [1399.00,1768.00],
  [1400.00,1808.00],
  [1401.00,1855.00],
  [1402.00,1808.00],
  [1403.00,1936.00],
  [1360.00,1895.00],
  [1361.00,1825.00],
  [1340.00,1769.00],
  [1358.00,1576.00],
  [1358.00,1457.00],
  [1331.00,1458.00],
  [1282.00,1459.00],
  [1281.00,1499.00],
  [1284.00,1538.00],
  [1283.00,1578.00],
  [1282.00,1616.00],
  [1282.00,1654.00],
  [1283.00,1692.00],
  [1283.00,1730.00],
  [1285.00,1770.00],
  [1285.00,1809.00],
  [1285.00,1860.00],
  [1253.00,1690.00],
  [1218.00,1482.00],
  [1215.00,1541.00],
  [1166.00,1411.00],
  [1166.00,1547.00],
  [1166.00,1500.00],
  [1165.00,1536.00],
  [1167.00,1576.00],
  [1167.00,1617.00],
  [1167.00,1655.00],
  [1168.00,1694.00],
  [1169.00,1733.00],
  [1168.00,1768.00],
  [1172.00,1812.00],
  [1168.00,1861.00],
  [1127.00,1595.00],
  [1131.00,1810.00],
  [1092.00,1794.00],
  [1052.00,1459.00],
  [1050.00,1499.00],
  [1047.00,1536.00],
  [1049.00,1578.00],
  [1051.00,1617.00],
  [1051.00,1656.00],
  [1050.00,1696.00],
  [1052.00,1733.00],
  [1052.00,1772.00],
  [1051.00,1812.00],
  [1052.00,1861.00],
  [995.00,1636.00],
  [967.00,1656.00],
  [933.00,1411.00],
  [935.00,1460.00],
  [934.00,1498.00],
  [934.00,1538.00],
  [935.00,1580.00],
  [935.00,1615.00],
  [936.00,1655.00],
  [935.00,1692.00],
  [936.00,1734.00],
  [937.00,1773.00],
  [939.00,1814.00],
  [880.00,1463.00],
  [815.00,1463.00],
  [813.00,1418.00],
  [818.00,1938.00],
  [816.00,1576.00],
  [817.00,1617.00],
  [819.00,2133.00],
  [822.00,2092.00],
  [849.00,1729.00],
  [823.00,1864.00],
  [771.00,1674.00],
  [739.00,1522.00],
  [703.00,1412.00],
  [703.00,1463.00],
  [703.00,1504.00],
  [702.00,1542.00],
  [701.00,1579.00],
  [702.00,1619.00],
  [702.00,1658.00],
  [705.00,1698.00],
  [704.00,1864.00],
  [674.00,1599.00],
  [643.00,1407.00],
  [626.00,1483.00],
  [646.00,1775.00],
  [588.00,1466.00],
  [586.00,1504.00],
  [586.00,1542.00],
  [588.00,1583.00],
  [588.00,1621.00],
  [587.00,1659.00],
  [589.00,1696.00],
  [610.00,1912.00],
  [591.00,1861.00],
  [547.00,1757.00],
  [548.00,1520.00],
  [510.00,1714.00],
  [473.00,1415.00],
  [471.00,1469.00],
  [473.00,1506.00],
  [472.00,1546.00],
  [469.00,1583.00],
  [470.00,1137.00],
  [473.00,1661.00],
  [473.00,1699.00],
  [475.00,1759.00],
  [443.00,1642.00],
  [383.00,1601.00],
  [326.00,1449.00],
  [356.00,1464.00],
  [355.00,1506.00],
  [356.00,1545.00],
  [352.00,1591.00],
  [356.00,1624.00],
  [357.00,1660.00],
  [357.00,1700.00],
  [237.00,1417.00],
  [240.00,1467.00],
  [240.00,1506.00],
  [237.00,1544.00],
  [241.00,1585.00],
  [241.00,1622.00],
  [240.00,1662.00],
  [241.00,1700.00],
  [472.00,1862.00],
  [478.00,1939.00],
  [427.00,1910.00],
  [397.00,1892.00],
  [354.00,1860.00],
  [326.00,1812.00],
  [287.00,1792.00],
  [238.00,1756.00],
  [238.00,1804.00],
  [240.00,1861.00],
  [240.00,1942.00],
  [1790.00,1996.00],
  [1792.00,2058.00],
  [1790.00,2096.00],
  [1790.00,2233.00],
  [1748.00,1975.00],
  [1750.00,2016.00],
  [1751.00,2057.00],
  [1749.00,2096.00],
  [1752.00,2134.00],
  [1753.00,2174.00],
  [1751.00,2213.00],
  [1752.00,2249.00],
  [1750.00,2289.00],
  [1752.00,2329.00],
  [1752.00,2376.00],
  [1632.00,1980.00],
  [1634.00,2020.00],
  [1634.00,2055.00],
  [1635.00,2096.00],
  [1633.00,2133.00],
  [1637.00,2174.00],
  [1636.00,2212.00],
  [1634.00,2251.00],
  [1636.00,2290.00],
  [1635.00,2327.00],
  [1635.00,2416.00],
  [1588.00,2247.00],
  [1851.00,2771.00],
  [1832.00,2829.00],
  [1793.00,2791.00],
  [1793.00,2579.00],
  [1752.00,2459.00],
  [1753.00,2498.00],
  [1751.00,2539.00],
  [1753.00,2580.00],
  [1754.00,2615.00],
  [1754.00,2655.00],
  [1757.00,2695.00],
  [1756.00,2733.00],
  [1757.00,2771.00],
  [1756.00,2813.00],
  [1756.00,2858.00],
  [1727.00,2825.00],
  [1706.00,2755.00],
  [1702.00,2713.00],
  [1723.00,2503.00],
  [1638.00,2461.00],
  [1637.00,2500.00],
  [1636.00,2542.00],
  [1636.00,2578.00],
  [1638.00,2615.00],
  [1637.00,2655.00],
  [1639.00,2699.00],
  [1639.00,2733.00],
  [1638.00,2776.00],
  [1639.00,2811.00],
  [1640.00,2859.00],
  [1619.00,2892.00],
  [1652.00,2911.00],
  [1640.00,2941.00],
  [1833.00,2997.00],
  [1812.00,3115.00],
  [1826.00,3176.00],
  [1825.00,3212.00],
  [1795.00,3253.00],
  [1816.00,3295.00],
  [1777.00,3293.00],
  [1757.00,3251.00],
  [1758.00,3214.00],
  [1755.00,3176.00],
  [1755.00,3136.00],
  [1754.00,3095.00],
  [1757.00,3062.00],
  [1752.00,3022.00],
  [1755.00,2984.00],
  [1726.00,3002.00],
  [1709.00,3157.00],
  [1687.00,3013.00],
  [1608.00,3002.00],
  [1638.00,2985.00],
  [1640.00,3024.00],
  [1640.00,3063.00],
  [1639.00,3101.00],
  [1643.00,3141.00],
  [1642.00,3180.00],
  [1641.00,3217.00],
  [1641.00,3254.00],
  [1730.00,3333.00],
  [1730.00,3441.00],
  [1681.00,3358.00],
  [1613.00,3360.00],
  [1585.00,3331.00],
  [1587.00,3441.00],
  [1517.00,3333.00],
  [1517.00,1979.00],
  [1514.00,2017.00],
  [1516.00,2057.00],
  [1516.00,2093.00],
  [1517.00,2133.00],
  [1515.00,2172.00],
  [1516.00,2213.00],
  [1520.00,2251.00],
  [1518.00,2290.00],
  [1519.00,2330.00],
  [1520.00,2378.00],
  [1489.00,2058.00],
  [1459.00,2135.00],
  [1460.00,2172.00],
  [1440.00,2211.00],
  [1432.00,2021.00],
  [1400.00,1980.00],
  [1399.00,2017.00],
  [1401.00,2058.00],
  [1403.00,2094.00],
  [1403.00,2135.00],
  [1404.00,2177.00],
  [1403.00,2216.00],
  [1403.00,2251.00],
  [1403.00,2291.00],
  [1404.00,2328.00],
  [1517.00,2462.00],
  [1518.00,2505.00],
  [1519.00,2542.00],
  [1519.00,2581.00],
  [1518.00,2621.00],
  [1519.00,2659.00],
  [1519.00,2695.00],
  [1520.00,2733.00],
  [1521.00,2775.00],
  [1523.00,2810.00],
  [1521.00,2861.00],
  [1492.00,2736.00],
  [1473.00,2677.00],
  [1451.00,2532.00],
  [1454.00,2500.00],
  [1403.00,2417.00],
  [1402.00,2466.00],
  [1405.00,2503.00],
  [1403.00,2544.00],
  [1403.00,2583.00],
  [1404.00,2620.00],
  [1403.00,2658.00],
  [1405.00,2699.00],
  [1405.00,2738.00],
  [1406.00,2777.00],
  [1405.00,2813.00],
  [1591.00,3121.00],
  [1593.00,3219.00],
  [1419.00,3034.00],
  [1554.00,2939.00],
  [1514.00,2938.00],
  [1477.00,2941.00],
  [1434.00,2940.00],
  [1402.00,2938.00],
  [1552.00,3092.00],
  [1515.00,3093.00],
  [1476.00,3094.00],
  [1439.00,3097.00],
  [1398.00,3092.00],
  [1556.00,3160.00],
  [1515.00,3160.00],
  [1476.00,3164.00],
  [1440.00,3160.00],
  [1396.00,3161.00],
  [1555.00,3200.00],
  [1514.00,3197.00],
  [1476.00,3198.00],
  [1435.00,3198.00],
  [1399.00,3200.00],
  [1352.00,1988.00],
  [1364.00,2097.00],
  [1365.00,2155.00],
  [1364.00,2290.00],
  [1345.00,2331.00],
  [1346.00,2249.00],
  [1286.00,2380.00],
  [1323.00,2133.00],
  [1284.00,1980.00],
  [1284.00,2015.00],
  [1286.00,2056.00],
  [1286.00,2096.00],
  [1284.00,2135.00],
  [1286.00,2173.00],
  [1290.00,2217.00],
  [1259.00,2076.00],
  [1369.00,2559.00],
  [1327.00,2598.00],
  [1368.00,2736.00],
  [1351.00,2773.00],
  [1232.00,2463.00],
  [1259.00,2481.00],
  [1291.00,2464.00],
  [1288.00,2500.00],
  [1289.00,2540.00],
  [1287.00,2581.00],
  [1290.00,2619.00],
  [1289.00,2659.00],
  [1290.00,2699.00],
  [1291.00,2737.00],
  [1321.00,2863.00],
  [1235.00,2891.00],
  [1272.00,2909.00],
  [1320.00,2940.00],
  [1293.00,2985.00],
  [1295.00,3028.00],
  [1292.00,3066.00],
  [1296.00,3106.00],
  [1266.00,3124.00],
  [1295.00,3142.00],
  [1331.00,3140.00],
  [1362.00,3084.00],
  [1293.00,3179.00],
  [1295.00,3219.00],
  [1294.00,3255.00],
  [1345.00,3337.00],
  [1297.00,3335.00],
  [1248.00,3396.00],
  [1210.00,2062.00],
  [1167.00,1939.00],
  [1169.00,1984.00],
  [1171.00,2022.00],
  [1171.00,2060.00],
  [1171.00,2098.00],
  [1172.00,2138.00],
  [1170.00,2176.00],
  [1172.00,2217.00],
  [1174.00,2339.00],
  [1132.00,1991.00],
  [1104.00,1994.00],
  [1150.00,2291.00],
  [1116.00,2313.00],
  [1118.00,2345.00],
  [1105.00,2274.00],
  [1104.00,2235.00],
  [1064.00,1938.00],
  [1025.00,1935.00],
  [986.00,1934.00],
  [947.00,1934.00],
  [911.00,1936.00],
  [1005.00,1975.00],
  [1062.00,2089.00],
  [1026.00,2089.00],
  [988.00,2090.00],
  [948.00,2089.00],
  [913.00,2085.00],
  [1063.00,2236.00],
  [1028.00,2236.00],
  [992.00,2238.00],
  [947.00,2237.00],
  [911.00,2232.00],
  [1065.00,2272.00],
  [1029.00,2274.00],
  [992.00,2275.00],
  [952.00,2279.00],
  [918.00,2276.00],
  [1045.00,2380.00],
  [941.00,2343.00],
  [820.00,1846.00],
  [819.00,1985.00],
  [819.00,2021.00],
  [820.00,2058.00],
  [820.00,2095.00],
  [821.00,2134.00],
  [823.00,2179.00],
  [822.00,2214.00],
  [781.00,2197.00],
  [733.00,2017.00],
  [705.00,1933.00],
  [706.00,1985.00],
  [703.00,2020.00],
  [705.00,2060.00],
  [705.00,2097.00],
  [708.00,2224.00],
  [708.00,2182.00],
  [708.00,2217.00],
  [593.00,1987.00],
  [592.00,2019.00],
  [589.00,2058.00],
  [591.00,2099.00],
  [591.00,2142.00],
  [591.00,2177.00],
  [593.00,2217.00],
  [516.00,2045.00],
  [504.00,2103.00],
  [475.00,1984.00],
  [473.00,2026.00],
  [473.00,2063.00],
  [475.00,2103.00],
  [474.00,2141.00],
  [475.00,2179.00],
  [475.00,2219.00],
  [446.00,2066.00],
  [416.00,2181.00],
  [357.00,1985.00],
  [357.00,2025.00],
  [360.00,2066.00],
  [359.00,2104.00],
  [360.00,2141.00],
  [358.00,2180.00],
  [359.00,2222.00],
  [242.00,1987.00],
  [242.00,2028.00],
  [241.00,2064.00],
  [245.00,2105.00],
  [244.00,2146.00],
  [241.00,2182.00],
  [243.00,2220.00],
  [1171.00,2418.00],
  [1170.00,2466.00],
  [1172.00,2505.00],
  [1171.00,2544.00],
  [1173.00,2583.00],
  [1171.00,2620.00],
  [1172.00,2661.00],
  [1176.00,2719.00],
  [1172.00,2738.00],
  [1175.00,2787.00],
  [1173.00,2862.00],
  [1177.00,2943.00],
  [1177.00,2990.00],
  [1177.00,3025.00],
  [1178.00,3068.00],
  [1178.00,3105.00],
  [1177.00,3143.00],
  [1179.00,3186.00],
  [1178.00,3223.00],
  [1178.00,3264.00],
  [1145.00,2679.00],
  [1113.00,2467.00],
  [1114.00,2503.00],
  [1113.00,2539.00],
  [1114.00,2600.00],
  [1116.00,2640.00],
  [1114.00,2680.00],
  [1117.00,2730.00],
  [1112.00,2766.00],
  [1118.00,2806.00],
  [1117.00,2863.00],
  [1087.00,2698.00],
  [1099.00,3027.00],
  [1101.00,3064.00],
  [1102.00,3104.00],
  [1057.00,2466.00],
  [1057.00,2505.00],
  [1057.00,2545.00],
  [1057.00,2583.00],
  [1056.00,2626.00],
  [1059.00,2660.00],
  [1059.00,2697.00],
  [1061.00,2737.00],
  [1060.00,2865.00],
  [1059.00,2988.00],
  [1062.00,3032.00],
  [1061.00,3068.00],
  [1062.00,3107.00],
  [1062.00,3144.00],
  [1063.00,3182.00],
  [1062.00,3225.00],
  [1066.00,3261.00],
  [1064.00,3339.00],
  [1019.00,2448.00],
  [982.00,2528.00],
  [972.00,2700.00],
  [1002.00,2786.00],
  [974.00,3051.00],
  [1005.00,3130.00],
  [941.00,2418.00],
  [939.00,2464.00],
  [942.00,2505.00],
  [942.00,2546.00],
  [943.00,2586.00],
  [943.00,2621.00],
  [942.00,2662.00],
  [942.00,2701.00],
  [943.00,2741.00],
  [945.00,2860.00],
  [946.00,2940.00],
  [946.00,2989.00],
  [945.00,3030.00],
  [948.00,3068.00],
  [947.00,3108.00],
  [948.00,3148.00],
  [948.00,3182.00],
  [948.00,3222.00],
  [950.00,3261.00],
  [914.00,2768.00],
  [938.00,2910.00],
  [931.00,3299.00],
  [910.00,3334.00],
  [912.00,3441.00],
  [880.00,2903.00],
  [891.00,3066.00],
  [869.00,3009.00],
  [842.00,2808.00],
  [821.00,2341.00],
  [618.00,2295.00],
  [628.00,2381.00],
  [821.00,2415.00],
  [783.00,2417.00],
  [743.00,2420.00],
  [708.00,2422.00],
  [668.00,2421.00],
  [823.00,2571.00],
  [784.00,2573.00],
  [747.00,2574.00],
  [707.00,2578.00],
  [669.00,2575.00],
  [630.00,2626.00],
  [824.00,2641.00],
  [783.00,2642.00],
  [747.00,2644.00],
  [707.00,2644.00],
  [670.00,2646.00],
  [823.00,2682.00],
  [786.00,2681.00],
  [748.00,2680.00],
  [707.00,2681.00],
  [671.00,2683.00],
  [727.00,2712.00],
  [755.00,2711.00],
  [788.00,2728.00],
  [766.00,2759.00],
  [591.00,2347.00],
  [592.00,2423.00],
  [592.00,2473.00],
  [593.00,2509.00],
  [593.00,2549.00],
  [594.00,2588.00],
  [596.00,2624.00],
  [595.00,2667.00],
  [598.00,2705.00],
  [554.00,2585.00],
  [537.00,2743.00],
  [477.00,2346.00],
  [478.00,2423.00],
  [478.00,2475.00],
  [479.00,2512.00],
  [478.00,2550.00],
  [480.00,2590.00],
  [481.00,2628.00],
  [480.00,2670.00],
  [481.00,2710.00],
  [440.00,2472.00],
  [440.00,2630.00],
  [441.00,2706.00],
  [399.00,2471.00],
  [400.00,2628.00],
  [404.00,2712.00],
  [399.00,2319.00],
  [358.00,2346.00],
  [363.00,2471.00],
  [362.00,2512.00],
  [362.00,2550.00],
  [361.00,2589.00],
  [364.00,2629.00],
  [363.00,2668.00],
  [363.00,2706.00],
  [273.00,2590.00],
  [307.00,2631.00],
  [279.00,2768.00],
  [245.00,2348.00],
  [246.00,2425.00],
  [246.00,2473.00],
  [245.00,2518.00],
  [246.00,2552.00],
  [247.00,2675.00],
  [247.00,2627.00],
  [248.00,2668.00],
  [247.00,2705.00],
  [247.00,2738.00],
  [277.00,2761.00],
  [230.00,2795.00],
  [805.00,2823.00],
  [748.00,2836.00],
  [709.00,2863.00],
  [826.00,2985.00],
  [827.00,3025.00],
  [826.00,3151.00],
  [828.00,3104.00],
  [829.00,3143.00],
  [829.00,2700.00],
  [829.00,3217.00],
  [711.00,2942.00],
  [712.00,2987.00],
  [715.00,3031.00],
  [710.00,3069.00],
  [712.00,3106.00],
  [713.00,3148.00],
  [715.00,3185.00],
  [714.00,3218.00],
  [714.00,3257.00],
  [672.00,2993.00],
  [647.00,3015.00],
  [685.00,3052.00],
  [273.00,3149.00],
  [771.00,3277.00],
  [831.00,3414.00],
  [760.00,3376.00],
  [663.00,3343.00],
  [664.00,3452.00],
  [596.00,2865.00],
  [627.00,3088.00],
  [629.00,3242.00],
  [594.00,2990.00],
  [597.00,3028.00],
  [595.00,3069.00],
  [599.00,3106.00],
  [598.00,3147.00],
  [598.00,3185.00],
  [598.00,3225.00],
  [599.00,3340.00],
  [509.00,3034.00],
  [561.00,3070.00],
  [561.00,3166.00],
  [541.00,3194.00],
  [521.00,3245.00],
  [571.00,3296.00],
  [599.00,3341.00],
  [558.00,3379.00],
  [532.00,3369.00],
  [485.00,3418.00],
  [522.00,3445.00],
  [345.00,2917.00],
  [403.00,2865.00],
  [443.00,2898.00],
  [460.00,2837.00],
  [489.00,2867.00],
  [493.00,2946.00],
  [440.00,2944.00],
  [479.00,2992.00],
  [481.00,3031.00],
  [481.00,3072.00],
  [483.00,3109.00],
  [479.00,3151.00],
  [481.00,3185.00],
  [484.00,3223.00],
  [485.00,3259.00],
  [470.00,3344.00],
  [443.00,3050.00],
  [443.00,3091.00],
  [454.00,3174.00],
  [445.00,3247.00],
  [402.00,3021.00],
  [402.00,3071.00],
  [402.00,3153.00],
  [403.00,3226.00],
  [342.00,2911.00],
  [365.00,2992.00],
  [364.00,3033.00],
  [365.00,3070.00],
  [365.00,3111.00],
  [365.00,3000.00],
  [366.00,3187.00],
  [365.00,3229.00],
  [367.00,3265.00],
  [367.00,3342.00],
  [368.00,3381.00],
  [311.00,3185.00],
  [246.00,2869.00],
  [248.00,2944.00],
  [247.00,2994.00],
  [247.00,3041.00],
  [250.00,3074.00],
  [252.00,3109.00],
  [253.00,3153.00],
  [251.00,3191.00],
  [250.00,3229.00],
  [253.00,3270.00],
  [213.00,3273.00],
  [221.00,3313.00],
  [263.00,3346.00],
  [253.00,3386.00],
  [215.00,3385.00]
]