[
  [2830.00,40.00],
  [2830.00,77.00],
  [2830.00,114.00],
  [2831.00,155.00],
  [2830.00,194.00],
  [2831.00,231.00],
  [2831.00,269.00],
  [2831.00,309.00],
  [2830.00,347.00],
  [2830.00,384.00],
  [2792.00,35.00],
  [2792.00,75.00],
  [2790.00,115.00],
  [2792.00,153.00],
  [2791.00,191.00],
  [2791.00,231.00],
  [2790.00,271.00],
  [2791.00,306.00],
  [2791.00,345.00],
  [2792.00,384.00],
  [2800.00,460.00],
  [2801.00,499.00],
  [2801.00,538.00],
  [2800.00,578.00],
  [2802.00,620.00],
  [2800.00,654.00],
  [2800.00,694.00],
  [2802.00,732.00],
  [2800.00,772.00],
  [2800.00,810.00],
  [2762.00,459.00],
  [2761.00,497.00],
  [2761.00,540.00],
  [2761.00,578.00],
  [2762.00,591.00],
  [2763.00,656.00],
  [2762.00,694.00],
  [2761.00,731.00],
  [2762.00,770.00],
  [2761.00,808.00],
  [2801.00,946.00],
  [2803.00,1034.00],
  [2723.00,943.00],
  [2724.00,1029.00],
  [2702.00,1003.00],
  [2800.00,1098.00],
  [2799.00,1137.00],
  [2831.00,1158.00],
  [2801.00,1178.00],
  [2800.00,1216.00],
  [2829.00,1237.00],
  [2801.00,1254.00],
  [2800.00,1292.00],
  [2800.00,1331.00],
  [2801.00,1370.00],
  [2799.00,1409.00],
  [2804.00,1450.00],
  [2759.00,1098.00],
  [2762.00,1138.00],
  [2762.00,1178.00],
  [2761.00,1213.00],
  [2763.00,1255.00],
  [2761.00,1293.00],
  [2763.00,1330.00],
  [2761.00,1369.00],
  [2759.00,1411.00],
  [2761.00,1446.00],
  [2762.00,617.00],
  [2801.00,1507.00],
  [2800.00,1548.00],
  [2801.00,1581.00],
  [2801.00,1619.00],
  [2799.00,1656.00],
  [2800.00,1698.00],
  [2800.00,1738.00],
  [2800.00,1781.00],
  [2799.00,1820.00],
  [2800.00,1856.00],
  [2760.00,1506.00],
  [2760.00,1543.00],
  [2763.00,1586.00],
  [2761.00,1621.00],
  [2761.00,1659.00],
  [2761.00,1698.00],
  [2762.00,1737.00],
  [2761.00,1775.00],
  [2762.00,1821.00],
  [2762.00,1853.00],
  [2800.00,2067.00],
  [2798.00,2102.00],
  [2799.00,2143.00],
  [2801.00,2183.00],
  [2800.00,2221.00],
  [2801.00,2262.00],
  [2800.00,2299.00],
  [2800.00,2337.00],
  [2801.00,2376.00],
  [2800.00,2414.00],
  [2760.00,2066.00],
  [2760.00,2105.00],
  [2761.00,2144.00],
  [2761.00,2184.00],
  [2763.00,2222.00],
  [2760.00,2259.00],
  [2761.00,2297.00],
  [2760.00,2338.00],
  [2761.00,2372.00],
  [2800.00,2411.00],
  [2800.00,2491.00],
  [2772.00,2512.00],
  [2732.00,2491.00],
  [2788.00,2167.00],
  [2762.00,2676.00],
  [2732.00,2618.00],
  [2761.00,2903.00],
  [2761.00,2983.00],
  [2799.00,3041.00],
  [2800.00,3083.00],
  [2799.00,3117.00],
  [2799.00,3085.00],
  [2799.00,3195.00],
  [2798.00,3234.00],
  [2799.00,3274.00],
  [2798.00,3312.00],
  [2798.00,3350.00],
  [2797.00,3389.00],
  [2799.00,3427.00],
  [2800.00,3464.00],
  [2864.00,3474.00],
  [2865.00,3515.00],
  [2798.00,3563.00],
  [2798.00,3796.00],
  [2797.00,3794.00],
  [2698.00,39.00],
  [2697.00,116.00],
  [2716.00,191.00],
  [2696.00,540.00],
  [2704.00,1437.00],
  [2704.00,1583.00],
  [2703.00,1680.00],
  [2694.00,2221.00],
  [2704.00,2317.00],
  [2714.00,2345.00],
  [2733.00,2374.00],
  [2720.00,3100.00],
  [2721.00,3147.00],
  [2752.00,3198.00],
  [2712.00,3194.00],
  [2683.00,3196.00],
  [2642.00,3195.00],
  [2763.00,3292.00],
  [2761.00,3332.00],
  [2761.00,3369.00],
  [2760.00,3409.00],
  [2732.00,3467.00],
  [2701.00,3621.00],
  [2699.00,3852.00],
  [2781.00,3940.00],
  [2701.00,3940.00],
  [2623.00,3945.00],
  [2621.00,-5.00],
  [2744.00,18.00],
  [2649.00,25.00],
  [2609.00,48.00],
  [2659.00,94.00],
  [2658.00,134.00],
  [2659.00,171.00],
  [2658.00,208.00],
  [2657.00,248.00],
  [2660.00,285.00],
  [2659.00,325.00],
  [2659.00,368.00],
  [2545.00,92.00],
  [2543.00,131.00],
  [2543.00,170.00],
  [2541.00,212.00],
  [2538.00,248.00],
  [2544.00,288.00],
  [2541.00,246.00],
  [2541.00,362.00],
  [2571.00,270.00],
  [2571.00,325.00],
  [2485.00,36.00],
  [2524.00,54.00],
  [2494.00,249.00],
  [2590.00,393.00],
  [2641.00,411.00],
  [2659.00,441.00],
  [2660.00,500.00],
  [2660.00,538.00],
  [2658.00,577.00],
  [2659.00,618.00],
  [2660.00,656.00],
  [2661.00,701.00],
  [2658.00,733.00],
  [2659.00,772.00],
  [2582.00,439.00],
  [2592.00,521.00],
  [2581.00,770.00],
  [2543.00,497.00],
  [2542.00,536.00],
  [2543.00,579.00],
  [2542.00,615.00],
  [2542.00,657.00],
  [2543.00,691.00],
  [2543.00,734.00],
  [2541.00,771.00],
  [2542.00,808.00],
  [2543.00,847.00],
  [2540.00,877.00],
  [2617.00,847.00],
  [2620.00,916.00],
  [2570.00,1004.00],
  [2529.00,1003.00],
  [2656.00,1042.00],
  [2658.00,1082.00],
  [2656.00,1118.00],
  [2657.00,1159.00],
  [2656.00,1200.00],
  [2657.00,1236.00],
  [2657.00,1272.00],
  [2657.00,1314.00],
  [2616.00,1137.00],
  [2617.00,1195.00],
  [2624.00,1273.00],
  [2598.00,1314.00],
  [2558.00,1214.00],
  [2542.00,1040.00],
  [2540.00,1079.00],
  [2541.00,1121.00],
  [2540.00,1156.00],
  [2539.00,1195.00],
  [2539.00,1231.00],
  [2540.00,1272.00],
  [2540.00,1311.00],
  [2501.00,1342.00],
  [2540.00,1358.00],
  [2540.00,1398.00],
  [2512.00,1436.00],
  [2628.00,1435.00],
  [2643.00,1484.00],
  [2667.00,1524.00],
  [2666.00,1560.00],
  [2665.00,1601.00],
  [2667.00,1640.00],
  [2665.00,1679.00],
  [2665.00,1728.00],
  [2666.00,1755.00],
  [2666.00,1794.00],
  [2665.00,1836.00],
  [2667.00,1873.00],
  [2646.00,1486.00],
  [2617.00,1525.00],
  [2628.00,1715.00],
  [2618.00,1756.00],
  [2548.00,1524.00],
  [2550.00,1561.00],
  [2552.00,1600.00],
  [2550.00,1640.00],
  [2550.00,1677.00],
  [2551.00,1717.00],
  [2551.00,1756.00],
  [2551.00,1798.00],
  [2549.00,1832.00],
  [2550.00,1874.00],
  [2579.00,1893.00],
  [2665.00,1935.00],
  [2647.00,1991.00],
  [2667.00,2025.00],
  [2667.00,2064.00],
  [2667.00,2104.00],
  [2665.00,2139.00],
  [2666.00,2178.00],
  [2665.00,2220.00],
  [2665.00,2254.00],
  [2548.00,2258.00],
  [2549.00,2218.00],
  [2549.00,2180.00],
  [2550.00,2141.00],
  [2549.00,2103.00],
  [2548.00,2064.00],
  [2548.00,2025.00],
  [2538.00,1987.00],
  [2590.00,2333.00],
  [2666.00,2328.00],
  [2667.00,2394.00],
  [2667.00,2432.00],
  [2666.00,2470.00],
  [2666.00,2508.00],
  [2665.00,2550.00],
  [2665.00,2586.00],
  [2666.00,2626.00],
  [2549.00,2393.00],
  [2548.00,2431.00],
  [2549.00,2473.00],
  [2548.00,2512.00],
  [2546.00,2548.00],
  [2550.00,2591.00],
  [2548.00,2627.00],
  [2687.00,2716.00],
  [2686.00,2868.00],
  [2647.00,2711.00],
  [2645.00,2866.00],
  [2643.00,2906.00],
  [2645.00,2984.00],
  [2604.00,2905.00],
  [2605.00,3109.00],
  [2605.00,3136.00],
  [2606.00,3290.00],
  [2606.00,3333.00],
  [2606.00,3368.00],
  [2604.00,3410.00],
  [2568.00,3037.00],
  [2568.00,3079.00],
  [2568.00,3119.00],
  [2567.00,3157.00],
  [2566.00,3195.00],
  [2567.00,3234.00],
  [2568.00,3274.00],
  [2566.00,3310.00],
  [2568.00,3350.00],
  [2566.00,3386.00],
  [2567.00,3428.00],
  [2568.00,3466.00],
  [2352.00,89.00],
  [2348.00,125.00],
  [2349.00,168.00],
  [2349.00,208.00],
  [2350.00,244.00],
  [2349.00,286.00],
  [2350.00,322.00],
  [2400.00,333.00],
  [2466.00,323.00],
  [2406.00,207.00],
  [2378.00,168.00],
  [2417.00,130.00],
  [2397.00,70.00],
  [2468.00,283.00],
  [2467.00,242.00],
  [2494.00,245.00],
  [2467.00,208.00],
  [2462.00,168.00],
  [2465.00,129.00],
  [2465.00,90.00],
  [2421.00,383.00],
  [2377.00,449.00],
  [2458.00,392.00],
  [2468.00,467.00],
  [2507.00,561.00],
  [2351.00,534.00],
  [2352.00,574.00],
  [2350.00,614.00],
  [2350.00,652.00],
  [2352.00,691.00],
  [2350.00,727.00],
  [2351.00,768.00],
  [2467.00,765.00],
  [2466.00,729.00],
  [2466.00,692.00],
  [2466.00,649.00],
  [2466.00,613.00],
  [2466.00,574.00],
  [2467.00,540.00],
  [2513.00,572.00],
  [2350.00,827.00],
  [2418.00,836.00],
  [2438.00,875.00],
  [2475.00,833.00],
  [2495.00,941.00],
  [2388.00,942.00],
  [2348.00,940.00],
  [2475.00,1008.00],
  [2466.00,1038.00],
  [2351.00,1040.00],
  [2350.00,1075.00],
  [2349.00,1114.00],
  [2347.00,1152.00],
  [2349.00,1192.00],
  [2349.00,1232.00],
  [2348.00,1270.00],
  [2348.00,1307.00],
  [2388.00,1209.00],
  [2408.00,1116.00],
  [2468.00,1310.00],
  [2466.00,1269.00],
  [2465.00,1232.00],
  [2484.00,1212.00],
  [2465.00,1190.00],
  [2465.00,1158.00],
  [2462.00,1112.00],
  [2466.00,1075.00],
  [2367.00,1354.00],
  [2380.00,1433.00],
  [2338.00,1452.00],
  [2415.00,1482.00],
  [2436.00,1431.00],
  [2425.00,1394.00],
  [2426.00,1358.00],
  [2465.00,1471.00],
  [2473.00,1373.00],
  [2321.00,1522.00],
  [2320.00,1557.00],
  [2320.00,1598.00],
  [2318.00,1638.00],
  [2320.00,1673.00],
  [2321.00,1717.00],
  [2322.00,1755.00],
  [2321.00,1794.00],
  [2321.00,1832.00],
  [2322.00,1872.00],
  [2349.00,1831.00],
  [2377.00,1870.00],
  [2378.00,1830.00],
  [2378.00,1789.00],
  [2378.00,1752.00],
  [2378.00,1714.00],
  [2377.00,1679.00],
  [2376.00,1637.00],
  [2378.00,1597.00],
  [2378.00,1558.00],
  [2380.00,1524.00],
  [2525.00,1880.00],
  [2493.00,1868.00],
  [2495.00,1830.00],
  [2493.00,1791.00],
  [2492.00,1753.00],
  [2493.00,1714.00],
  [2491.00,1676.00],
  [2492.00,1634.00],
  [2493.00,1601.00],
  [2494.00,1559.00],
  [2494.00,1349.00],
  [2378.00,2022.00],
  [2379.00,2059.00],
  [2377.00,2099.00],
  [2379.00,2137.00],
  [2377.00,2177.00],
  [2379.00,2218.00],
  [2379.00,2254.00],
  [2454.00,2041.00],
  [2474.00,1953.00],
  [2495.00,2288.00],
  [2493.00,2255.00],
  [2494.00,2218.00],
  [2491.00,2176.00],
  [2492.00,2138.00],
  [2493.00,2100.00],
  [2493.00,2061.00],
  [2495.00,2022.00],
  [2377.00,2388.00],
  [2378.00,2425.00],
  [2377.00,2468.00],
  [2376.00,2501.00],
  [2377.00,2547.00],
  [2379.00,2586.00],
  [2378.00,2624.00],
  [2378.00,2663.00],
  [2406.00,2428.00],
  [2437.00,2505.00],
  [2448.00,2624.00],
  [2495.00,2665.00],
  [2495.00,2623.00],
  [2495.00,2585.00],
  [2493.00,2547.00],
  [2493.00,2506.00],
  [2495.00,2468.00],
  [2494.00,2429.00],
  [2494.00,2391.00],
  [2379.00,2749.00],
  [2377.00,2786.00],
  [2377.00,2825.00],
  [2375.00,2865.00],
  [2378.00,2903.00],
  [2376.00,2943.00],
  [2377.00,2981.00],
  [2446.00,2769.00],
  [2436.00,2729.00],
  [2529.00,2979.00],
  [2515.00,3013.00],
  [2494.00,2982.00],
  [2491.00,2942.00],
  [2491.00,2902.00],
  [2492.00,2865.00],
  [2492.00,2825.00],
  [2493.00,2786.00],
  [2493.00,2748.00],
  [2531.00,2827.00],
  [2531.00,2787.00],
  [2530.00,2710.00],
  [2376.00,3057.00],
  [2376.00,3095.00],
  [2376.00,3136.00],
  [2378.00,3175.00],
  [2377.00,3212.00],
  [2377.00,3251.00],
  [2375.00,3288.00],
  [2377.00,3328.00],
  [2378.00,3368.00],
  [2376.00,3408.00],
  [2424.00,3426.00],
  [2454.00,3444.00],
  [2494.00,3403.00],
  [2495.00,3368.00],
  [2493.00,3326.00],
  [2492.00,3286.00],
  [2493.00,3248.00],
  [2493.00,3210.00],
  [2493.00,3170.00],
  [2492.00,3127.00],
  [2494.00,3095.00],
  [2495.00,3059.00],
  [2390.00,3550.00],
  [2385.00,3695.00],
  [2504.00,3813.00],
  [2268.00,3813.00],
  [2150.00,91.00],
  [2150.00,129.00],
  [2149.00,165.00],
  [2147.00,209.00],
  [2149.00,244.00],
  [2147.00,282.00],
  [2149.00,323.00],
  [2179.00,243.00],
  [2191.00,66.00],
  [2228.00,76.00],
  [2227.00,108.00],
  [2218.00,303.00],
  [2240.00,341.00],
  [2267.00,325.00],
  [2268.00,282.00],
  [2326.00,306.00],
  [2267.00,243.00],
  [2302.00,223.00],
  [2265.00,203.00],
  [2305.00,188.00],
  [2264.00,167.00],
  [2267.00,127.00],
  [2265.00,87.00],
  [2303.00,72.00],
  [2111.00,428.00],
  [2111.00,466.00],
  [2187.00,426.00],
  [2246.00,486.00],
  [2266.00,464.00],
  [2317.00,468.00],
  [2229.00,406.00],
  [2150.00,534.00],
  [2149.00,573.00],
  [2147.00,611.00],
  [2144.00,651.00],
  [2150.00,691.00],
  [2148.00,728.00],
  [2148.00,848.00],
  [2128.00,807.00],
  [2178.00,611.00],
  [2188.00,642.00],
  [2225.00,515.00],
  [2225.00,555.00],
  [2233.00,728.00],
  [2303.00,767.00],
  [2267.00,767.00],
  [2266.00,730.00],
  [2303.00,709.00],
  [2265.00,689.00],
  [2312.00,650.00],
  [2266.00,651.00],
  [2267.00,615.00],
  [2262.00,571.00],
  [2266.00,534.00],
  [2130.00,803.00],
  [2167.00,848.00],
  [2245.00,843.00],
  [2286.00,885.00],
  [2167.00,921.00],
  [2136.00,939.00],
  [2149.00,1031.00],
  [2148.00,1063.00],
  [2147.00,1107.00],
  [2149.00,1143.00],
  [2145.00,1183.00],
  [2146.00,1219.00],
  [2146.00,1261.00],
  [2148.00,1300.00],
  [2148.00,1333.00],
  [2146.00,1377.00],
  [2195.00,1378.00],
  [2193.00,1221.00],
  [2206.00,1181.00],
  [2186.00,1142.00],
  [2206.00,1106.00],
  [2224.00,1066.00],
  [2265.00,1375.00],
  [2265.00,1339.00],
  [2261.00,1296.00],
  [2263.00,1260.00],
  [2264.00,1220.00],
  [2291.00,1221.00],
  [2263.00,1182.00],
  [2281.00,1164.00],
  [2264.00,1143.00],
  [2263.00,1104.00],
  [2261.00,1065.00],
  [2261.00,1026.00],
  [2253.00,1463.00],
  [2173.00,1462.00],
  [2146.00,1520.00],
  [2145.00,1558.00],
  [2147.00,1597.00],
  [2146.00,1635.00],
  [2144.00,1677.00],
  [2147.00,1716.00],
  [2145.00,1753.00],
  [2144.00,1793.00],
  [2147.00,1831.00],
  [2146.00,1870.00],
  [2204.00,1868.00],
  [2206.00,1830.00],
  [2205.00,1789.00],
  [2206.00,1753.00],
  [2205.00,1714.00],
  [2202.00,1673.00],
  [2204.00,1635.00],
  [2204.00,1596.00],
  [2203.00,1557.00],
  [2203.00,1521.00],
  [2251.00,1813.00],
  [2240.00,1558.00],
  [2252.00,1521.00],
  [2308.00,1966.00],
  [2310.00,1927.00],
  [2261.00,1922.00],
  [2194.00,1921.00],
  [2134.00,1951.00],
  [2148.00,2080.00],
  [2146.00,2122.00],
  [2143.00,2161.00],
  [2144.00,2200.00],
  [2148.00,2240.00],
  [2146.00,2278.00],
  [2145.00,2316.00],
  [2145.00,2354.00],
  [2146.00,2393.00],
  [2146.00,2434.00],
  [2186.00,2136.00],
  [2244.00,2450.00],
  [2204.00,2430.00],
  [2203.00,2391.00],
  [2204.00,2273.00],
  [2205.00,2314.00],
  [2199.00,2273.00],
  [2204.00,2239.00],
  [2230.00,2254.00],
  [2205.00,2197.00],
  [2203.00,2158.00],
  [2205.00,2602.00],
  [2205.00,2083.00],
  [2241.00,2062.00],
  [2204.00,2043.00],
  [2203.00,2014.00],
  [2254.00,2026.00],
  [2328.00,2024.00],
  [2319.00,2080.00],
  [2319.00,2122.00],
  [2318.00,2165.00],
  [2287.00,2169.00],
  [2319.00,2202.00],
  [2290.00,2230.00],
  [2319.00,2238.00],
  [2319.00,2277.00],
  [2291.00,2297.00],
  [2320.00,2316.00],
  [2321.00,2355.00],
  [2319.00,2396.00],
  [2319.00,2430.00],
  [2348.00,2396.00],
  [2167.00,2537.00],
  [2164.00,2576.00],
  [2163.00,2624.00],
  [2136.00,2641.00],
  [2115.00,2584.00],
  [2107.00,2661.00],
  [2106.00,2701.00],
  [2107.00,2740.00],
  [2105.00,2775.00],
  [2106.00,2819.00],
  [2104.00,2855.00],
  [2105.00,2894.00],
  [2105.00,2933.00],
  [2106.00,2992.00],
  [2175.00,3029.00],
  [2222.00,2990.00],
  [2187.00,2932.00],
  [2183.00,2893.00],
  [2185.00,2853.00],
  [2209.00,2813.00],
  [2186.00,2814.00],
  [2182.00,2778.00],
  [2185.00,2738.00],
  [2184.00,2700.00],
  [2183.00,2661.00],
  [2212.00,2699.00],
  [2252.00,2739.00],
  [2300.00,2991.00],
  [2300.00,2964.00],
  [2301.00,2933.00],
  [2301.00,2896.00],
  [2298.00,2854.00],
  [2299.00,2816.00],
  [2297.00,2776.00],
  [2296.00,2738.00],
  [2299.00,2700.00],
  [2300.00,2660.00],
  [2337.00,2703.00],
  [2336.00,2663.00],
  [2338.00,2620.00],
  [2290.00,2585.00],
  [2106.00,3087.00],
  [2075.00,3104.00],
  [2108.00,3123.00],
  [2107.00,3165.00],
  [2105.00,3201.00],
  [2107.00,3242.00],
  [2106.00,3277.00],
  [2103.00,3318.00],
  [2106.00,3359.00],
  [2106.00,3416.00],
  [2185.00,3356.00],
  [2185.00,3319.00],
  [2184.00,3277.00],
  [2181.00,3242.00],
  [2184.00,3201.00],
  [2184.00,3163.00],
  [2183.00,3122.00],
  [2182.00,3081.00],
  [2222.00,3222.00],
  [2279.00,3184.00],
  [2328.00,3077.00],
  [2298.00,3084.00],
  [2299.00,3125.00],
  [2298.00,3165.00],
  [2296.00,3205.00],
  [2299.00,3239.00],
  [2295.00,3280.00],
  [2300.00,3324.00],
  [2299.00,3355.00],
  [2339.00,3260.00],
  [2327.00,3416.00],
  [2062.00,3604.00],
  [2106.00,3606.00],
  [2167.00,3618.00],
  [2106.00,3643.00],
  [2104.00,3684.00],
  [2105.00,3723.00],
  [2105.00,3764.00],
  [2103.00,3801.00],
  [2106.00,3841.00],
  [2106.00,3884.00],
  [2166.00,3850.00],
  [2096.00,71.00],
  [2097.00,227.00],
  [2058.00,86.00],
  [2061.00,131.00],
  [2060.00,170.00],
  [2058.00,209.00],
  [2058.00,248.00],
  [2057.00,285.00],
  [2058.00,328.00],
  [1991.00,187.00],
  [1979.00,325.00],
  [1937.00,53.00],
  [1942.00,90.00],
  [1944.00,130.00],
  [1943.00,167.00],
  [1942.00,209.00],
  [1941.00,246.00],
  [1941.00,285.00],
  [1939.00,325.00],
  [2037.00,410.00],
  [2010.00,488.00],
  [2062.00,538.00],
  [2060.00,574.00],
  [2059.00,615.00],
  [2059.00,651.00],
  [2060.00,691.00],
  [2059.00,732.00],
  [2059.00,772.00],
  [2050.00,812.00],
  [1989.00,733.00],
  [1990.00,576.00],
  [1941.00,536.00],
  [1942.00,572.00],
  [1944.00,614.00],
  [1943.00,654.00],
  [1943.00,693.00],
  [1943.00,729.00],
  [1941.00,771.00],
  [1951.00,896.00],
  [2058.00,981.00],
  [2070.00,1031.00],
  [2069.00,1069.00],
  [2067.00,1107.00],
  [2068.00,1142.00],
  [2068.00,1182.00],
  [2068.00,1223.00],
  [2068.00,1259.00],
  [2074.00,1299.00],
  [2107.00,1327.00],
  [2067.00,1365.00],
  [2028.00,1318.00],
  [2038.00,1281.00],
  [2021.00,1243.00],
  [2000.00,1205.00],
  [1951.00,1257.00],
  [1950.00,1223.00],
  [1951.00,1183.00],
  [1951.00,1146.00],
  [1950.00,1111.00],
  [1950.00,1068.00],
  [1954.00,1028.00],
  [1954.00,972.00],
  [1951.00,893.00],
  [1971.00,1087.00],
  [2009.00,1032.00],
  [1893.00,1348.00],
  [1912.00,1409.00],
  [1941.00,1427.00],
  [2009.00,1433.00],
  [2000.00,1387.00],
  [2028.00,1526.00],
  [2029.00,1561.00],
  [2029.00,1599.00],
  [2029.00,1638.00],
  [2029.00,1680.00],
  [2028.00,1719.00],
  [2029.00,1755.00],
  [2028.00,1795.00],
  [2028.00,1833.00],
  [2029.00,1872.00],
  [2076.00,1813.00],
  [2097.00,1853.00],
  [2048.00,1950.00],
  [2018.00,1930.00],
  [1971.00,1521.00],
  [1971.00,1560.00],
  [1971.00,1600.00],
  [1970.00,1643.00],
  [1969.00,1677.00],
  [1971.00,1717.00],
  [1970.00,1754.00],
  [1969.00,1795.00],
  [1967.00,1351.00],
  [1969.00,1871.00],
  [2065.00,2026.00],
  [2107.00,2095.00],
  [2085.00,2141.00],
  [2095.00,2229.00],
  [2112.00,2317.00],
  [2009.00,2024.00],
  [2030.00,2084.00],
  [2029.00,2123.00],
  [2029.00,2162.00],
  [2028.00,2202.00],
  [2028.00,2239.00],
  [2029.00,2275.00],
  [2027.00,2317.00],
  [2027.00,2354.00],
  [2027.00,2393.00],
  [2028.00,2433.00],
  [1971.00,2082.00],
  [1970.00,2120.00],
  [1970.00,2161.00],
  [1972.00,2201.00],
  [1970.00,2239.00],
  [1969.00,2278.00],
  [1971.00,2317.00],
  [1970.00,2355.00],
  [1970.00,2392.00],
  [1969.00,2433.00],
  [1970.00,2469.00],
  [1949.00,2553.00],
  [2009.00,2576.00],
  [2009.00,2622.00],
  [2029.00,2665.00],
  [1982.00,2663.00],
  [1986.00,2707.00],
  [1988.00,2743.00],
  [1988.00,2777.00],
  [1989.00,2818.00],
  [1988.00,2857.00],
  [1988.00,2893.00],
  [1988.00,2934.00],
  [1912.00,2664.00],
  [1912.00,2703.00],
  [1911.00,2738.00],
  [1911.00,2779.00],
  [1913.00,2817.00],
  [1911.00,2858.00],
  [1912.00,2895.00],
  [1910.00,2932.00],
  [2026.00,2992.00],
  [1929.00,3049.00],
  [1990.00,3088.00],
  [1990.00,3125.00],
  [1989.00,3165.00],
  [1988.00,3203.00],
  [1990.00,3244.00],
  [1986.00,3280.00],
  [1989.00,3317.00],
  [1989.00,3357.00],
  [1989.00,3419.00],
  [2036.00,3318.00],
  [2045.00,3389.00],
  [1911.00,3416.00],
  [1909.00,3357.00],
  [1911.00,3318.00],
  [1911.00,3278.00],
  [1911.00,3240.00],
  [1911.00,3201.00],
  [1910.00,3165.00],
  [1912.00,3124.00],
  [1912.00,3086.00],
  [1930.00,3049.00],
  [2028.00,2992.00],
  [1988.00,3606.00],
  [1988.00,3646.00],
  [1989.00,3685.00],
  [1986.00,3724.00],
  [1986.00,3766.00],
  [1987.00,3803.00],
  [1986.00,3841.00],
  [1984.00,3880.00],
  [2015.00,3802.00],
  [2036.00,3841.00],
  [2015.00,3881.00],
  [1949.00,3605.00],
  [1949.00,3647.00],
  [1949.00,3811.00],
  [1949.00,3888.00],
  [1890.00,3540.00],
  [1911.00,3570.00],
  [1911.00,3608.00],
  [1910.00,3649.00],
  [1910.00,3686.00],
  [1911.00,3726.00],
  [1911.00,3760.00],
  [1911.00,3802.00],
  [1911.00,3841.00],
  [1911.00,3880.00],
  [1893.00,3820.00],
  [1870.00,3782.00],
  [1884.00,90.00],
  [1886.00,245.00],
  [1896.00,365.00],
  [1846.00,91.00],
  [1848.00,132.00],
  [1846.00,168.00],
  [1848.00,211.00],
  [1848.00,249.00],
  [1848.00,286.00],
  [1850.00,327.00],
  [1789.00,73.00],
  [1781.00,128.00],
  [1809.00,182.00],
  [1819.00,214.00],
  [1770.00,360.00],
  [1761.00,449.00],
  [1808.00,453.00],
  [1837.00,438.00],
  [1903.00,516.00],
  [1857.00,540.00],
  [1855.00,576.00],
  [1855.00,615.00],
  [1854.00,652.00],
  [1886.00,697.00],
  [1859.00,694.00],
  [1856.00,734.00],
  [1825.00,731.00],
  [1856.00,770.00],
  [1913.00,770.00],
  [1894.00,829.00],
  [1845.00,826.00],
  [1847.00,904.00],
  [1863.00,981.00],
  [1866.00,1020.00],
  [1866.00,1055.00],
  [1866.00,1099.00],
  [1865.00,1137.00],
  [1868.00,1174.00],
  [1866.00,1215.00],
  [1866.00,1251.00],
  [1866.00,1292.00],
  [1863.00,1329.00],
  [1864.00,1369.00],
  [1862.00,1402.00],
  [1836.00,1214.00],
  [1749.00,979.00],
  [1749.00,1018.00],
  [1750.00,1059.00],
  [1749.00,1098.00],
  [1749.00,1138.00],
  [1748.00,1175.00],
  [1748.00,1213.00],
  [1750.00,1250.00],
  [1749.00,1293.00],
  [1717.00,1291.00],
  [1749.00,1330.00],
  [1750.00,1371.00],
  [1751.00,1409.00],
  [1697.00,1389.00],
  [1920.00,1563.00],
  [1933.00,1642.00],
  [1892.00,1636.00],
  [1913.00,1787.00],
  [1854.00,1523.00],
  [1856.00,1562.00],
  [1855.00,1600.00],
  [1853.00,1641.00],
  [1855.00,1678.00],
  [1855.00,1717.00],
  [1856.00,1756.00],
  [1855.00,1794.00],
  [1852.00,1834.00],
  [1853.00,1952.00],
  [1930.00,2024.00],
  [1929.00,2236.00],
  [1942.00,2277.00],
  [1921.00,2314.00],
  [1923.00,2382.00],
  [1932.00,2430.00],
  [1884.00,2451.00],
  [1853.00,2023.00],
  [1855.00,2083.00],
  [1856.00,2123.00],
  [1854.00,2160.00],
  [1854.00,2201.00],
  [1855.00,2236.00],
  [1853.00,2277.00],
  [1856.00,2317.00],
  [1855.00,2356.00],
  [1855.00,2394.00],
  [1852.00,2431.00],
  [1911.00,2528.00],
  [1871.00,2526.00],
  [1854.00,2645.00],
  [1851.00,2990.00],
  [1832.00,3298.00],
  [1832.00,3339.00],
  [1692.00,32.00],
  [1732.00,91.00],
  [1733.00,127.00],
  [1710.00,233.00],
  [1735.00,170.00],
  [1731.00,209.00],
  [1731.00,251.00],
  [1731.00,288.00],
  [1731.00,325.00],
  [1681.00,213.00],
  [1682.00,249.00],
  [1645.00,91.00],
  [1645.00,129.00],
  [1643.00,167.00],
  [1642.00,208.00],
  [1643.00,249.00],
  [1643.00,285.00],
  [1641.00,322.00],
  [1732.00,449.00],
  [1652.00,450.00],
  [1736.00,537.00],
  [1741.00,575.00],
  [1741.00,614.00],
  [1741.00,658.00],
  [1710.00,655.00],
  [1740.00,692.00],
  [1741.00,730.00],
  [1742.00,766.00],
  [1651.00,534.00],
  [1652.00,575.00],
  [1652.00,614.00],
  [1651.00,653.00],
  [1653.00,692.00],
  [1654.00,730.00],
  [1651.00,770.00],
  [1650.00,856.00],
  [1785.00,2005.00],
  [1788.00,2045.00],
  [1787.00,2085.00],
  [1788.00,2120.00],
  [1788.00,2160.00],
  [1786.00,2200.00],
  [1786.00,2238.00],
  [1787.00,2274.00],
  [1787.00,2316.00],
  [1758.00,2317.00],
  [1788.00,2355.00],
  [1757.00,2374.00],
  [1789.00,2368.00],
  [1785.00,2431.00],
  [1777.00,2471.00],
  [1727.00,1947.00],
  [1730.00,1986.00],
  [1706.00,2082.00],
  [1709.00,2429.00],
  [1668.00,2003.00],
  [1668.00,2044.00],
  [1668.00,2083.00],
  [1669.00,2121.00],
  [1669.00,2161.00],
  [1670.00,2200.00],
  [1670.00,2237.00],
  [1669.00,2274.00],
  [1669.00,2317.00],
  [1669.00,2356.00],
  [1669.00,2391.00],
  [1666.00,2430.00],
  [1797.00,2529.00],
  [1745.00,2568.00],
  [1680.00,2515.00],
  [1630.00,2530.00],
  [1796.00,2665.00],
  [1795.00,2703.00],
  [1798.00,2742.00],
  [1797.00,2778.00],
  [1796.00,2816.00],
  [1797.00,2857.00],
  [1795.00,2892.00],
  [1797.00,2934.00],
  [1736.00,2719.00],
  [1739.00,2779.00],
  [1728.00,2859.00],
  [1729.00,2913.00],
  [1736.00,2963.00],
  [1697.00,2664.00],
  [1699.00,2702.00],
  [1701.00,2742.00],
  [1699.00,2778.00],
  [1699.00,2816.00],
  [1699.00,2856.00],
  [1698.00,2894.00],
  [1695.00,2937.00],
  [1795.00,3088.00],
  [1795.00,3129.00],
  [1797.00,3163.00],
  [1797.00,3203.00],
  [1796.00,3243.00],
  [1795.00,3277.00],
  [1795.00,3320.00],
  [1796.00,3358.00],
  [1717.00,3020.00],
  [1739.00,3184.00],
  [1696.00,3041.00],
  [1699.00,3069.00],
  [1700.00,3109.00],
  [1700.00,3143.00],
  [1699.00,3183.00],
  [1701.00,3223.00],
  [1699.00,3260.00],
  [1678.00,3280.00],
  [1700.00,3302.00],
  [1701.00,3339.00],
  [1698.00,3379.00],
  [1697.00,3418.00],
  [1794.00,3571.00],
  [1795.00,3609.00],
  [1796.00,3647.00],
  [1795.00,3686.00],
  [1795.00,3726.00],
  [1795.00,3764.00],
  [1794.00,3802.00],
  [1795.00,3840.00],
  [1796.00,3881.00],
  [1697.00,3568.00],
  [1698.00,3605.00],
  [1698.00,3649.00],
  [1698.00,3685.00],
  [1699.00,3723.00],
  [1696.00,3765.00],
  [1699.00,3798.00],
  [1697.00,3847.00],
  [1695.00,3877.00],
  [1705.00,3918.00],
  [1443.00,88.00],
  [1442.00,127.00],
  [1440.00,167.00],
  [1441.00,204.00],
  [1442.00,242.00],
  [1442.00,282.00],
  [1440.00,321.00],
  [1482.00,302.00],
  [1480.00,262.00],
  [1481.00,223.00],
  [1477.00,68.00],
  [1529.00,86.00],
  [1528.00,126.00],
  [1531.00,167.00],
  [1526.00,204.00],
  [1530.00,245.00],
  [1528.00,283.00],
  [1530.00,323.00],
  [1548.00,366.00],
  [1564.00,331.00],
  [1415.00,458.00],
  [1402.00,574.00],
  [1412.00,610.00],
  [1453.00,455.00],
  [1452.00,492.00],
  [1452.00,534.00],
  [1453.00,572.00],
  [1451.00,612.00],
  [1451.00,652.00],
  [1454.00,687.00],
  [1453.00,731.00],
  [1451.00,765.00],
  [1452.00,805.00],
  [1452.00,844.00],
  [1452.00,880.00],
  [1542.00,891.00],
  [1537.00,809.00],
  [1540.00,767.00],
  [1542.00,727.00],
  [1615.00,765.00],
  [1576.00,708.00],
  [1539.00,689.00],
  [1533.00,647.00],
  [1540.00,610.00],
  [1539.00,573.00],
  [1538.00,534.00],
  [1518.00,455.00],
  [1412.00,1054.00],
  [1432.00,1073.00],
  [1452.00,1056.00],
  [1449.00,1093.00],
  [1450.00,1132.00],
  [1449.00,1172.00],
  [1454.00,1210.00],
  [1452.00,1252.00],
  [1452.00,1289.00],
  [1451.00,1324.00],
  [1450.00,1366.00],
  [1452.00,1406.00],
  [1509.00,1206.00],
  [1529.00,1291.00],
  [1570.00,1055.00],
  [1570.00,1092.00],
  [1567.00,1131.00],
  [1567.00,1171.00],
  [1566.00,1209.00],
  [1567.00,1251.00],
  [1566.00,1290.00],
  [1567.00,1322.00],
  [1565.00,1370.00],
  [1567.00,1405.00],
  [1586.00,1232.00],
  [1605.00,1190.00],
  [1663.00,1171.00],
  [1660.00,1089.00],
  [1663.00,1056.00],
  [1598.00,1995.00],
  [1490.00,2080.00],
  [1490.00,2121.00],
  [1487.00,2157.00],
  [1487.00,2198.00],
  [1489.00,2235.00],
  [1487.00,2274.00],
  [1489.00,2314.00],
  [1487.00,2351.00],
  [1492.00,2393.00],
  [1488.00,2429.00],
  [1517.00,2196.00],
  [1557.00,2215.00],
  [1556.00,2078.00],
  [1602.00,2079.00],
  [1604.00,2118.00],
  [1604.00,2074.00],
  [1605.00,2199.00],
  [1601.00,2237.00],
  [1604.00,2272.00],
  [1603.00,2316.00],
  [1604.00,2355.00],
  [1604.00,2391.00],
  [1603.00,2427.00],
  [1477.00,2491.00],
  [1458.00,2546.00],
  [1468.00,2613.00],
  [1494.00,2552.00],
  [1548.00,2553.00],
  [1594.00,2544.00],
  [1605.00,2494.00],
  [1488.00,2659.00],
  [1486.00,2703.00],
  [1488.00,2735.00],
  [1488.00,2776.00],
  [1457.00,2775.00],
  [1489.00,2813.00],
  [1488.00,2855.00],
  [1457.00,2890.00],
  [1488.00,2893.00],
  [1487.00,2932.00],
  [1544.00,2775.00],
  [1547.00,2699.00],
  [1535.00,2668.00],
  [1583.00,2660.00],
  [1585.00,2701.00],
  [1585.00,2738.00],
  [1584.00,2777.00],
  [1586.00,2815.00],
  [1581.00,2852.00],
  [1586.00,2894.00],
  [1583.00,2933.00],
  [1485.00,3010.00],
  [1439.00,3046.00],
  [1448.00,3124.00],
  [1488.00,3085.00],
  [1493.00,3124.00],
  [1489.00,3162.00],
  [1485.00,3201.00],
  [1492.00,3244.00],
  [1487.00,3279.00],
  [1490.00,3316.00],
  [1488.00,3357.00],
  [1583.00,3065.00],
  [1624.00,3107.00],
  [1588.00,3102.00],
  [1585.00,3146.00],
  [1583.00,3182.00],
  [1601.00,3205.00],
  [1584.00,3223.00],
  [1584.00,3258.00],
  [1584.00,3300.00],
  [1586.00,3341.00],
  [1582.00,3373.00],
  [1584.00,3417.00],
  [1613.00,3420.00],
  [1632.00,3435.00],
  [1640.00,3473.00],
  [1671.00,3463.00],
  [1499.00,3493.00],
  [1487.00,3528.00],
  [1488.00,3570.00],
  [1486.00,3596.00],
  [1487.00,3643.00],
  [1487.00,3685.00],
  [1487.00,3722.00],
  [1488.00,3763.00],
  [1487.00,3800.00],
  [1488.00,3841.00],
  [1488.00,3878.00],
  [1547.00,3703.00],
  [1543.00,3742.00],
  [1582.00,3572.00],
  [1583.00,3604.00],
  [1584.00,3648.00],
  [1584.00,3686.00],
  [1580.00,3722.00],
  [1584.00,3764.00],
  [1583.00,3801.00],
  [1584.00,3842.00],
  [1586.00,3878.00],
  [1624.00,3861.00],
  [1633.00,3901.00],
  [1661.00,3889.00],
  [1622.00,3648.00],
  [1631.00,3607.00],
  [1651.00,3568.00],
  [1187.00,114.00],
  [1225.00,83.00],
  [1253.00,91.00],
  [1283.00,86.00],
  [1251.00,128.00],
  [1249.00,163.00],
  [1252.00,206.00],
  [1230.00,225.00],
  [1250.00,245.00],
  [1287.00,243.00],
  [1254.00,283.00],
  [1254.00,324.00],
  [1292.00,324.00],
  [1319.00,48.00],
  [1329.00,83.00],
  [1327.00,126.00],
  [1329.00,166.00],
  [1329.00,204.00],
  [1330.00,244.00],
  [1329.00,284.00],
  [1329.00,321.00],
  [1396.00,68.00],
  [1417.00,128.00],
  [1415.00,167.00],
  [1405.00,211.00],
  [1366.00,265.00],
  [1376.00,333.00],
  [1415.00,327.00],
  [1260.00,533.00],
  [1260.00,571.00],
  [1258.00,610.00],
  [1259.00,648.00],
  [1257.00,689.00],
  [1259.00,727.00],
  [1259.00,765.00],
  [1258.00,804.00],
  [1258.00,864.00],
  [1297.00,611.00],
  [1298.00,574.00],
  [1298.00,531.00],
  [1339.00,453.00],
  [1337.00,493.00],
  [1334.00,533.00],
  [1335.00,573.00],
  [1336.00,612.00],
  [1336.00,650.00],
  [1336.00,689.00],
  [1337.00,733.00],
  [1336.00,768.00],
  [1335.00,803.00],
  [1335.00,844.00],
  [1333.00,885.00],
  [1384.00,806.00],
  [1279.00,990.00],
  [1279.00,1062.00],
  [1236.00,1135.00],
  [1239.00,1174.00],
  [1238.00,1210.00],
  [1239.00,1250.00],
  [1239.00,1288.00],
  [1239.00,1329.00],
  [1238.00,1364.00],
  [1238.00,1408.00],
  [1208.00,1406.00],
  [1238.00,1444.00],
  [1277.00,1193.00],
  [1315.00,1152.00],
  [1296.00,1319.00],
  [1357.00,1068.00],
  [1356.00,1130.00],
  [1356.00,1172.00],
  [1401.00,976.00],
  [1395.00,1192.00],
  [1359.00,1214.00],
  [1375.00,1231.00],
  [1357.00,1251.00],
  [1354.00,1288.00],
  [1353.00,1326.00],
  [1357.00,1368.00],
  [1356.00,1406.00],
  [1051.00,88.00],
  [1047.00,125.00],
  [1049.00,170.00],
  [1044.00,206.00],
  [1046.00,246.00],
  [1048.00,280.00],
  [1046.00,322.00],
  [1099.00,334.00],
  [1106.00,127.00],
  [1096.00,95.00],
  [1136.00,86.00],
  [1134.00,128.00],
  [1132.00,162.00],
  [1134.00,204.00],
  [1135.00,247.00],
  [1135.00,280.00],
  [1136.00,322.00],
  [1153.00,387.00],
  [1182.00,339.00],
  [1232.00,395.00],
  [1036.00,456.00],
  [1090.00,425.00],
  [1162.00,465.00],
  [1233.00,507.00],
  [1047.00,534.00],
  [1049.00,572.00],
  [1045.00,608.00],
  [1046.00,650.00],
  [1046.00,689.00],
  [1046.00,730.00],
  [1044.00,763.00],
  [1048.00,805.00],
  [1047.00,847.00],
  [1047.00,887.00],
  [1105.00,805.00],
  [1092.00,764.00],
  [1074.00,727.00],
  [1087.00,613.00],
  [1086.00,533.00],
  [1128.00,633.00],
  [1142.00,529.00],
  [1144.00,573.00],
  [1142.00,610.00],
  [1143.00,650.00],
  [1146.00,690.00],
  [1142.00,729.00],
  [1141.00,768.00],
  [1142.00,804.00],
  [1185.00,592.00],
  [1221.00,648.00],
  [1218.00,861.00],
  [1183.00,863.00],
  [1094.00,900.00],
  [1085.00,928.00],
  [1029.00,942.00],
  [1027.00,998.00],
  [1144.00,1009.00],
  [1174.00,996.00],
  [1202.00,1000.00],
  [1174.00,942.00],
  [998.00,1066.00],
  [998.00,1104.00],
  [995.00,1145.00],
  [999.00,1181.00],
  [997.00,1222.00],
  [996.00,1261.00],
  [997.00,1298.00],
  [998.00,1339.00],
  [996.00,1393.00],
  [1055.00,1431.00],
  [1093.00,1452.00],
  [1095.00,1424.00],
  [1055.00,1400.00],
  [1054.00,1363.00],
  [1083.00,1384.00],
  [1094.00,1355.00],
  [1053.00,1325.00],
  [1053.00,1284.00],
  [1056.00,1249.00],
  [1058.00,1210.00],
  [1057.00,1172.00],
  [1058.00,1136.00],
  [1059.00,1092.00],
  [1048.00,1056.00],
  [1078.00,1154.00],
  [1102.00,1171.00],
  [1171.00,1055.00],
  [1173.00,1093.00],
  [1172.00,1135.00],
  [1137.00,1134.00],
  [1174.00,1179.00],
  [1172.00,1212.00],
  [1170.00,1251.00],
  [1152.00,1270.00],
  [1172.00,1292.00],
  [1172.00,1330.00],
  [1171.00,1368.00],
  [1170.00,1408.00],
  [784.00,30.00],
  [806.00,107.00],
  [842.00,85.00],
  [844.00,130.00],
  [843.00,166.00],
  [844.00,206.00],
  [843.00,245.00],
  [845.00,282.00],
  [843.00,322.00],
  [843.00,361.00],
  [882.00,166.00],
  [884.00,88.00],
  [930.00,85.00],
  [933.00,127.00],
  [932.00,163.00],
  [931.00,205.00],
  [931.00,246.00],
  [904.00,264.00],
  [929.00,286.00],
  [933.00,321.00],
  [930.00,370.00],
  [991.00,165.00],
  [826.00,440.00],
  [965.00,459.00],
  [581.00,79.00],
  [642.00,90.00],
  [642.00,128.00],
  [637.00,164.00],
  [642.00,208.00],
  [641.00,248.00],
  [641.00,285.00],
  [642.00,323.00],
  [640.00,361.00],
  [671.00,360.00],
  [681.00,164.00],
  [680.00,84.00],
  [710.00,437.00],
  [730.00,359.00],
  [732.00,321.00],
  [767.00,323.00],
  [726.00,287.00],
  [727.00,244.00],
  [726.00,117.00],
  [729.00,166.00],
  [729.00,130.00],
  [728.00,86.00],
  [805.00,594.00],
  [782.00,653.00],
  [842.00,631.00],
  [855.00,706.00],
  [872.00,799.00],
  [845.00,826.00],
  [843.00,864.00],
  [890.00,848.00],
  [889.00,883.00],
  [950.00,919.00],
  [932.00,883.00],
  [929.00,846.00],
  [930.00,804.00],
  [925.00,765.00],
  [933.00,726.00],
  [928.00,689.00],
  [958.00,690.00],
  [932.00,651.00],
  [929.00,612.00],
  [931.00,570.00],
  [929.00,535.00],
  [1001.00,514.00],
  [573.00,325.00],
  [611.00,474.00],
  [610.00,503.00],
  [601.00,575.00],
  [654.00,571.00],
  [640.00,648.00],
  [642.00,688.00],
  [638.00,728.00],
  [640.00,766.00],
  [641.00,805.00],
  [640.00,842.00],
  [641.00,883.00],
  [689.00,890.00],
  [689.00,843.00],
  [688.00,804.00],
  [729.00,863.00],
  [727.00,628.00],
  [896.00,1027.00],
  [881.00,971.00],
  [823.00,961.00],
  [746.00,958.00],
  [602.00,953.00],
  [599.00,1009.00],
  [828.00,1065.00],
  [803.00,1085.00],
  [824.00,1104.00],
  [825.00,1144.00],
  [823.00,1181.00],
  [823.00,1222.00],
  [825.00,1261.00],
  [821.00,1298.00],
  [822.00,1356.00],
  [843.00,1399.00],
  [882.00,1336.00],
  [881.00,1296.00],
  [882.00,1263.00],
  [880.00,1215.00],
  [880.00,1178.00],
  [882.00,1143.00],
  [882.00,1102.00],
  [879.00,1065.00],
  [750.00,1088.00],
  [753.00,1216.00],
  [754.00,1258.00],
  [773.00,1307.00],
  [747.00,1358.00],
  [710.00,1301.00],
  [709.00,1261.00],
  [707.00,1223.00],
  [706.00,1181.00],
  [707.00,1146.00],
  [704.00,1102.00],
  [708.00,1067.00],
  [638.00,1105.00],
  [639.00,1145.00],
  [641.00,1179.00],
  [637.00,1222.00],
  [638.00,1256.00],
  [639.00,1298.00],
  [640.00,1337.00],
  [640.00,1375.00],
  [641.00,1415.00],
  [602.00,1394.00],
  [638.00,1455.00],
  [1796.00,1505.00],
  [1756.00,1494.00],
  [1717.00,1484.00],
  [1679.00,1484.00],
  [1631.00,1473.00],
  [1533.00,1492.00],
  [1051.00,1481.00],
  [1002.00,1482.00],
  [811.00,1481.00],
  [1758.00,1524.00],
  [1719.00,1525.00],
  [1678.00,1524.00],
  [1640.00,1525.00],
  [1601.00,1522.00],
  [1563.00,1524.00],
  [1523.00,1524.00],
  [1485.00,1521.00],
  [1448.00,1524.00],
  [1408.00,1523.00],
  [1370.00,1524.00],
  [1332.00,1523.00],
  [1292.00,1524.00],
  [1252.00,1523.00],
  [1215.00,1523.00],
  [1175.00,1522.00],
  [1140.00,1523.00],
  [1097.00,1524.00],
  [1060.00,1522.00],
  [1022.00,1522.00],
  [982.00,1521.00],
  [947.00,1522.00],
  [905.00,1521.00],
  [865.00,1522.00],
  [829.00,1522.00],
  [790.00,1523.00],
  [752.00,1520.00],
  [713.00,1520.00],
  [675.00,1521.00],
  [634.00,1522.00],
  [597.00,1521.00],
  [557.00,1521.00],
  [1757.00,1647.00],
  [1759.00,1687.00],
  [1739.00,1773.00],
  [1720.00,1598.00],
  [1699.00,1744.00],
  [1679.00,1696.00],
  [1660.00,1559.00],
  [1640.00,1658.00],
  [1622.00,1820.00],
  [1606.00,1548.00],
  [1563.00,1551.00],
  [1574.00,1596.00],
  [1574.00,1763.00],
  [1548.00,1832.00],
  [1488.00,1562.00],
  [1451.00,1561.00],
  [1464.00,1610.00],
  [1488.00,1715.00],
  [1410.00,1627.00],
  [1411.00,1693.00],
  [1391.00,1776.00],
  [1370.00,1594.00],
  [1361.00,1626.00],
  [1334.00,1754.00],
  [1313.00,1783.00],
  [1274.00,1560.00],
  [1178.00,1813.00],
  [1140.00,1814.00],
  [1080.00,1693.00],
  [1042.00,1706.00],
  [1004.00,1636.00],
  [927.00,1618.00],
  [928.00,1667.00],
  [869.00,1743.00],
  [871.00,1842.00],
  [830.00,1765.00],
  [811.00,1642.00],
  [782.00,1630.00],
  [752.00,1611.00],
  [713.00,1570.00],
  [716.00,1842.00],
  [676.00,1751.00],
  [676.00,1821.00],
  [628.00,1762.00],
  [611.00,1716.00],
  [634.00,1596.00],
  [598.00,1607.00],
  [560.00,1646.00],
  [560.00,1685.00],
  [521.00,1784.00],
  [1756.00,1869.00],
  [1717.00,1869.00],
  [1680.00,1870.00],
  [1642.00,1871.00],
  [1602.00,1871.00],
  [1564.00,1871.00],
  [1526.00,1870.00],
  [1487.00,1871.00],
  [1448.00,1873.00],
  [1409.00,1871.00],
  [1369.00,1872.00],
  [1333.00,1872.00],
  [1294.00,1872.00],
  [1253.00,1873.00],
  [1218.00,1872.00],
  [1176.00,1870.00],
  [1139.00,1869.00],
  [1100.00,1872.00],
  [1061.00,1871.00],
  [1024.00,1869.00],
  [983.00,1871.00],
  [945.00,1870.00],
  [904.00,1870.00],
  [869.00,1870.00],
  [829.00,1870.00],
  [789.00,1872.00],
  [751.00,1867.00],
  [713.00,1872.00],
  [674.00,1868.00],
  [637.00,1869.00],
  [596.00,1871.00],
  [557.00,1872.00],
  [1642.00,1902.00],
  [1563.00,1899.00],
  [1456.00,1928.00],
  [1256.00,1899.00],
  [1234.00,1936.00],
  [1144.00,1909.00],
  [1102.00,1910.00],
  [1060.00,1909.00],
  [984.00,1898.00],
  [948.00,1909.00],
  [883.00,1927.00],
  [848.00,1907.00],
  [769.00,1906.00],
  [716.00,1899.00],
  [674.00,1908.00],
  [599.00,1908.00],
  [1475.00,1984.00],
  [1428.00,2007.00],
  [1429.00,2044.00],
  [1430.00,2082.00],
  [1430.00,2122.00],
  [1429.00,2160.00],
  [1429.00,2198.00],
  [1430.00,2238.00],
  [1429.00,2277.00],
  [1428.00,2314.00],
  [1432.00,2369.00],
  [1428.00,2391.00],
  [1429.00,2427.00],
  [1425.00,2493.00],
  [1380.00,2004.00],
  [1410.00,2102.00],
  [1380.00,2239.00],
  [1409.00,2370.00],
  [1352.00,2311.00],
  [1351.00,2340.00],
  [1351.00,2410.00],
  [1313.00,2156.00],
  [1270.00,2334.00],
  [1274.00,2490.00],
  [1379.00,2550.00],
  [1343.00,2547.00],
  [1362.00,2602.00],
  [1291.00,2527.00],
  [1265.00,2560.00],
  [1286.00,2635.00],
  [1363.00,2662.00],
  [1369.00,2701.00],
  [1394.00,2722.00],
  [1371.00,2740.00],
  [1370.00,2782.00],
  [1370.00,2817.00],
  [1369.00,2857.00],
  [1409.00,2886.00],
  [1369.00,2894.00],
  [1369.00,2935.00],
  [1273.00,2933.00],
  [1272.00,2893.00],
  [1273.00,2852.00],
  [1274.00,2814.00],
  [1275.00,2780.00],
  [1272.00,2737.00],
  [1271.00,2701.00],
  [1273.00,2664.00],
  [1234.00,2963.00],
  [1272.00,2961.00],
  [1390.00,2982.00],
  [1252.00,3025.00],
  [1343.00,3049.00],
  [1372.00,3087.00],
  [1372.00,3128.00],
  [1373.00,3166.00],
  [1371.00,3201.00],
  [1372.00,3240.00],
  [1369.00,3287.00],
  [1369.00,3317.00],
  [1374.00,3358.00],
  [1328.00,3417.00],
  [1294.00,3421.00],
  [1271.00,3357.00],
  [1276.00,3318.00],
  [1274.00,3278.00],
  [1233.00,3280.00],
  [1273.00,3239.00],
  [1275.00,3199.00],
  [1273.00,3164.00],
  [1276.00,3126.00],
  [1275.00,3085.00],
  [1224.00,3184.00],
  [1194.00,3144.00],
  [1320.00,3201.00],
  [1322.00,3260.00],
  [1392.00,3504.00],
  [1423.00,3532.00],
  [1399.00,3764.00],
  [1408.00,3862.00],
  [1439.00,3890.00],
  [1370.00,3528.00],
  [1370.00,3569.00],
  [1368.00,3612.00],
  [1369.00,3646.00],
  [1371.00,3683.00],
  [1370.00,3723.00],
  [1370.00,3765.00],
  [1367.00,3801.00],
  [1368.00,3840.00],
  [1367.00,3882.00],
  [1331.00,3871.00],
  [1332.00,3792.00],
  [1312.00,3586.00],
  [1274.00,3528.00],
  [1272.00,3567.00],
  [1272.00,3606.00],
  [1272.00,3648.00],
  [1273.00,3683.00],
  [1272.00,3722.00],
  [1273.00,3764.00],
  [1274.00,3808.00],
  [1274.00,3841.00],
  [1274.00,3879.00],
  [1234.00,2182.00],
  [1248.00,2241.00],
  [1226.00,2276.00],
  [1195.00,2006.00],
  [1198.00,2043.00],
  [1199.00,2079.00],
  [1197.00,2119.00],
  [1199.00,2162.00],
  [1196.00,2200.00],
  [1198.00,2238.00],
  [1195.00,2278.00],
  [1197.00,2317.00],
  [1198.00,2357.00],
  [1196.00,2392.00],
  [1197.00,2432.00],
  [1206.00,2489.00],
  [1157.00,2003.00],
  [1157.00,2042.00],
  [1158.00,2081.00],
  [1158.00,2118.00],
  [1159.00,2162.00],
  [1156.00,2200.00],
  [1156.00,2240.00],
  [1156.00,2278.00],
  [1159.00,2315.00],
  [1157.00,2351.00],
  [1160.00,2393.00],
  [1159.00,2431.00],
  [1155.00,2472.00],
  [1161.00,2509.00],
  [1119.00,2470.00],
  [1191.00,2576.00],
  [1119.00,2573.00],
  [1194.00,2740.00],
  [1155.00,2661.00],
  [1159.00,2700.00],
  [1159.00,2738.00],
  [1160.00,2776.00],
  [1161.00,2815.00],
  [1159.00,2854.00],
  [1157.00,2892.00],
  [1163.00,2929.00],
  [1108.00,2815.00],
  [1108.00,2912.00],
  [1082.00,2758.00],
  [1062.00,2657.00],
  [1063.00,2701.00],
  [1064.00,2739.00],
  [1062.00,2776.00],
  [1063.00,2816.00],
  [1061.00,2850.00],
  [1060.00,2894.00],
  [1059.00,2933.00],
  [1176.00,3028.00],
  [1158.00,3088.00],
  [1160.00,3126.00],
  [1155.00,3166.00],
  [1158.00,3201.00],
  [1159.00,3242.00],
  [1157.00,3282.00],
  [1158.00,3320.00],
  [1158.00,3356.00],
  [1109.00,3068.00],
  [1121.00,3105.00],
  [1097.00,3206.00],
  [1064.00,3088.00],
  [1062.00,3131.00],
  [1064.00,3162.00],
  [1062.00,3203.00],
  [1061.00,3241.00],
  [1059.00,3280.00],
  [1061.00,3320.00],
  [1062.00,3357.00],
  [1213.00,3625.00],
  [1224.00,3667.00],
  [1186.00,3743.00],
  [1204.00,3783.00],
  [1157.00,3530.00],
  [1158.00,3569.00],
  [1159.00,3611.00],
  [1160.00,3645.00],
  [1153.00,3686.00],
  [1158.00,3729.00],
  [1158.00,3765.00],
  [1156.00,3801.00],
  [1157.00,3843.00],
  [1157.00,3880.00],
  [1118.00,3501.00],
  [1118.00,3794.00],
  [1118.00,3870.00],
  [1059.00,3529.00],
  [1061.00,3568.00],
  [1063.00,3607.00],
  [1062.00,3647.00],
  [1061.00,3682.00],
  [1062.00,3730.00],
  [1059.00,3763.00],
  [1061.00,3801.00],
  [1059.00,3842.00],
  [1060.00,3880.00],
  [954.00,1976.00],
  [955.00,2023.00],
  [1083.00,2026.00],
  [1073.00,2061.00],
  [1012.00,2100.00],
  [1072.00,2198.00],
  [981.00,2279.00],
  [1050.00,2507.00],
  [964.00,2624.00],
  [1005.00,2681.00],
  [984.00,2719.00],
  [1031.00,3009.00],
  [1004.00,3059.00],
  [970.00,3018.00],
  [1003.00,3426.00],
  [968.00,3425.00],
  [928.00,2006.00],
  [928.00,2048.00],
  [928.00,2081.00],
  [927.00,2122.00],
  [927.00,2159.00],
  [928.00,2200.00],
  [925.00,2241.00],
  [927.00,2276.00],
  [926.00,2317.00],
  [928.00,2354.00],
  [926.00,2391.00],
  [929.00,2429.00],
  [926.00,2469.00],
  [924.00,2508.00],
  [886.00,2003.00],
  [889.00,2045.00],
  [888.00,2083.00],
  [888.00,2120.00],
  [889.00,2159.00],
  [887.00,2201.00],
  [886.00,2241.00],
  [890.00,2276.00],
  [886.00,2315.00],
  [888.00,2353.00],
  [888.00,2392.00],
  [886.00,2430.00],
  [887.00,2468.00],
  [889.00,2509.00],
  [910.00,2588.00],
  [947.00,2662.00],
  [869.00,2633.00],
  [947.00,2659.00],
  [946.00,2700.00],
  [946.00,2740.00],
  [946.00,2777.00],
  [947.00,2815.00],
  [945.00,2856.00],
  [947.00,2894.00],
  [944.00,2932.00],
  [847.00,2929.00],
  [848.00,2891.00],
  [850.00,2854.00],
  [847.00,2813.00],
  [848.00,2775.00],
  [847.00,2736.00],
  [849.00,2699.00],
  [849.00,2665.00],
  [863.00,2987.00],
  [867.00,3019.00],
  [944.00,3021.00],
  [941.00,3088.00],
  [944.00,3127.00],
  [945.00,3160.00],
  [945.00,3203.00],
  [943.00,3242.00],
  [945.00,3275.00],
  [946.00,3321.00],
  [945.00,3359.00],
  [849.00,3087.00],
  [849.00,3125.00],
  [850.00,3162.00],
  [848.00,3202.00],
  [850.00,3242.00],
  [850.00,3283.00],
  [853.00,3319.00],
  [938.00,3441.00],
  [910.00,3440.00],
  [943.00,3530.00],
  [947.00,3570.00],
  [943.00,3609.00],
  [946.00,3647.00],
  [947.00,3683.00],
  [947.00,3725.00],
  [947.00,3761.00],
  [946.00,3803.00],
  [946.00,3843.00],
  [946.00,3883.00],
  [904.00,3703.00],
  [928.00,3742.00],
  [904.00,3793.00],
  [895.00,3834.00],
  [897.00,3859.00],
  [867.00,3522.00],
  [848.00,3607.00],
  [848.00,3647.00],
  [849.00,3683.00],
  [848.00,3727.00],
  [852.00,3757.00],
  [850.00,3800.00],
  [849.00,3841.00],
  [850.00,3878.00],
  [826.00,3821.00],
  [811.00,3858.00],
  [694.00,1955.00],
  [824.00,1976.00],
  [804.00,2041.00],
  [793.00,2081.00],
  [762.00,2117.00],
  [803.00,2142.00],
  [750.00,2159.00],
  [773.00,2180.00],
  [861.00,2487.00],
  [831.00,2503.00],
  [842.00,2583.00],
  [759.00,2718.00],
  [791.00,2779.00],
  [780.00,2967.00],
  [829.00,3000.00],
  [808.00,3237.00],
  [819.00,3279.00],
  [760.00,3319.00],
  [780.00,3424.00],
  [808.00,3444.00],
  [785.00,3527.00],
  [780.00,3572.00],
  [748.00,3550.00],
  [750.00,3708.00],
  [655.00,1966.00],
  [656.00,2011.00],
  [655.00,2040.00],
  [656.00,2082.00],
  [658.00,2123.00],
  [656.00,2160.00],
  [656.00,2198.00],
  [658.00,2239.00],
  [657.00,2274.00],
  [657.00,2314.00],
  [657.00,2356.00],
  [657.00,2390.00],
  [654.00,2430.00],
  [655.00,2469.00],
  [656.00,2509.00],
  [599.00,2004.00],
  [597.00,2042.00],
  [598.00,2081.00],
  [596.00,2122.00],
  [598.00,2161.00],
  [599.00,2196.00],
  [600.00,2239.00],
  [597.00,2278.00],
  [597.00,2317.00],
  [598.00,2354.00],
  [597.00,2393.00],
  [598.00,2432.00],
  [597.00,2516.00],
  [598.00,2551.00],
  [734.00,2663.00],
  [735.00,2701.00],
  [735.00,2741.00],
  [735.00,2780.00],
  [735.00,2814.00],
  [734.00,2851.00],
  [732.00,2896.00],
  [734.00,2932.00],
  [704.00,2834.00],
  [680.00,2771.00],
  [689.00,2693.00],
  [697.00,2630.00],
  [657.00,2881.00],
  [639.00,2595.00],
  [636.00,2631.00],
  [639.00,2673.00],
  [637.00,2708.00],
  [635.00,2748.00],
  [635.00,2787.00],
  [635.00,2822.00],
  [636.00,2863.00],
  [636.00,2902.00],
  [636.00,2944.00],
  [598.00,2592.00],
  [600.00,2629.00],
  [596.00,2671.00],
  [598.00,2707.00],
  [596.00,2748.00],
  [596.00,2787.00],
  [597.00,2825.00],
  [598.00,2863.00],
  [595.00,2900.00],
  [595.00,2943.00],
  [733.00,3020.00],
  [628.00,2998.00],
  [547.00,3010.00],
  [734.00,3087.00],
  [733.00,3125.00],
  [736.00,3164.00],
  [732.00,3202.00],
  [732.00,3237.00],
  [733.00,3277.00],
  [734.00,3320.00],
  [703.00,3459.00],
  [692.00,3587.00],
  [733.00,3607.00],
  [731.00,3644.00],
  [733.00,3687.00],
  [734.00,3723.00],
  [732.00,3767.00],
  [732.00,3804.00],
  [734.00,3844.00],
  [733.00,3880.00],
  [674.00,3086.00],
  [676.00,3122.00],
  [674.00,3169.00],
  [674.00,3199.00],
  [672.00,3241.00],
  [675.00,3279.00],
  [677.00,3320.00],
  [676.00,3359.00],
  [675.00,3396.00],
  [674.00,3436.00],
  [666.00,3472.00],
  [676.00,3531.00],
  [675.00,3571.00],
  [672.00,3609.00],
  [674.00,3648.00],
  [675.00,3684.00],
  [675.00,3726.00],
  [674.00,3764.00],
  [674.00,3802.00],
  [674.00,3844.00],
  [676.00,3877.00],
  [578.00,3144.00],
  [620.00,3223.00],
  [640.00,3271.00],
  [607.00,3341.00],
  [636.00,3439.00],
  [597.00,3533.00],
  [609.00,3940.00],
  [438.00,49.00],
  [417.00,284.00],
  [457.00,122.00],
  [453.00,162.00],
  [454.00,202.00],
  [456.00,242.00],
  [457.00,282.00],
  [457.00,320.00],
  [456.00,361.00],
  [484.00,185.00],
  [524.00,122.00],
  [525.00,166.00],
  [526.00,204.00],
  [523.00,245.00],
  [524.00,283.00],
  [526.00,323.00],
  [524.00,361.00],
  [559.00,390.00],
  [390.00,410.00],
  [363.00,47.00],
  [339.00,124.00],
  [340.00,165.00],
  [340.00,204.00],
  [342.00,243.00],
  [341.00,282.00],
  [341.00,323.00],
  [342.00,359.00],
  [322.00,48.00],
  [302.00,127.00],
  [300.00,163.00],
  [302.00,203.00],
  [301.00,244.00],
  [302.00,285.00],
  [305.00,325.00],
  [304.00,362.00],
  [247.00,382.00],
  [223.00,282.00],
  [212.00,110.00],
  [233.00,50.00],
  [169.00,41.00],
  [186.00,128.00],
  [186.00,164.00],
  [186.00,203.00],
  [189.00,246.00],
  [186.00,285.00],
  [186.00,322.00],
  [188.00,361.00],
  [148.00,358.00],
  [147.00,322.00],
  [147.00,287.00],
  [150.00,244.00],
  [149.00,207.00],
  [149.00,166.00],
  [149.00,129.00],
  [111.00,168.00],
  [91.00,51.00],
  [54.00,48.00],
  [33.00,126.00],
  [33.00,167.00],
  [35.00,118.00],
  [35.00,248.00],
  [33.00,360.00],
  [31.00,364.00],
  [33.00,368.00],
  [34.00,372.00],
  [33.00,323.00],
  [34.00,362.00],
  [63.00,360.00],
  [90.00,324.00],
  [534.00,473.00],
  [529.00,610.00],
  [494.00,504.00],
  [467.00,475.00],
  [437.00,532.00],
  [454.00,603.00],
  [397.00,524.00],
  [415.00,479.00],
  [366.00,604.00],
  [322.00,524.00],
  [312.00,465.00],
  [272.00,522.00],
  [273.00,571.00],
  [262.00,436.00],
  [229.00,452.00],
  [224.00,484.00],
  [119.00,573.00],
  [117.00,526.00],
  [54.00,574.00],
  [52.00,493.00],
  [64.00,453.00],
  [4.00,554.00],
  [-47.00,512.00],
  [4.00,602.00],
  [34.00,632.00],
  [12.00,666.00],
  [550.00,691.00],
  [525.00,650.00],
  [525.00,689.00],
  [521.00,729.00],
  [523.00,766.00],
  [523.00,805.00],
  [521.00,841.00],
  [527.00,884.00],
  [455.00,1299.00],
  [427.00,884.00],
  [428.00,843.00],
  [429.00,804.00],
  [428.00,768.00],
  [427.00,728.00],
  [426.00,685.00],
  [430.00,648.00],
  [370.00,725.00],
  [387.00,781.00],
  [367.00,823.00],
  [311.00,883.00],
  [311.00,839.00],
  [313.00,801.00],
  [313.00,767.00],
  [309.00,724.00],
  [311.00,685.00],
  [316.00,649.00],
  [234.00,650.00],
  [234.00,685.00],
  [234.00,724.00],
  [212.00,745.00],
  [233.00,764.00],
  [233.00,802.00],
  [235.00,843.00],
  [236.00,885.00],
  [158.00,670.00],
  [117.00,646.00],
  [118.00,688.00],
  [119.00,728.00],
  [118.00,767.00],
  [120.00,805.00],
  [119.00,842.00],
  [120.00,882.00],
  [544.00,1038.00],
  [522.00,951.00],
  [477.00,1046.00],
  [475.00,979.00],
  [449.00,1050.00],
  [396.00,976.00],
  [299.00,941.00],
  [243.00,918.00],
  [262.00,991.00],
  [214.00,951.00],
  [205.00,987.00],
  [225.00,1026.00],
  [166.00,979.00],
  [127.00,1015.00],
  [106.00,972.00],
  [89.00,1017.00],
  [23.00,968.00],
  [-61.00,801.00],
  [-57.00,32.00],
  [523.00,1103.00],
  [524.00,1143.00],
  [523.00,1183.00],
  [522.00,1223.00],
  [523.00,1256.00],
  [523.00,1296.00],
  [523.00,1337.00],
  [523.00,1377.00],
  [526.00,1415.00],
  [523.00,1454.00],
  [476.00,1084.00],
  [476.00,1121.00],
  [475.00,1162.00],
  [475.00,1199.00],
  [477.00,1241.00],
  [474.00,1277.00],
  [475.00,1316.00],
  [478.00,1355.00],
  [478.00,1394.00],
  [475.00,1431.00],
  [475.00,1473.00],
  [878.00,1506.00],
  [474.00,1549.00],
  [475.00,1587.00],
  [475.00,1625.00],
  [478.00,1665.00],
  [475.00,1706.00],
  [475.00,1743.00],
  [476.00,1781.00],
  [476.00,1830.00],
  [476.00,1912.00],
  [436.00,1087.00],
  [439.00,1123.00],
  [438.00,1160.00],
  [434.00,1202.00],
  [436.00,1238.00],
  [435.00,1281.00],
  [436.00,1320.00],
  [435.00,1357.00],
  [436.00,1396.00],
  [436.00,1435.00],
  [438.00,1473.00],
  [435.00,1502.00],
  [435.00,1552.00],
  [434.00,1587.00],
  [436.00,1627.00],
  [438.00,1665.00],
  [437.00,1703.00],
  [437.00,1744.00],
  [438.00,1781.00],
  [438.00,1822.00],
  [437.00,1862.00],
  [434.00,1900.00],
  [391.00,1086.00],
  [377.00,1192.00],
  [385.00,1230.00],
  [367.00,1268.00],
  [378.00,1551.00],
  [358.00,1841.00],
  [346.00,1899.00],
  [317.00,1122.00],
  [322.00,1162.00],
  [322.00,1200.00],
  [319.00,1239.00],
  [321.00,1277.00],
  [319.00,1317.00],
  [321.00,1353.00],
  [321.00,1394.00],
  [320.00,1430.00],
  [320.00,1471.00],
  [320.00,1550.00],
  [321.00,1590.00],
  [318.00,1625.00],
  [319.00,1664.00],
  [320.00,1704.00],
  [321.00,1743.00],
  [319.00,1784.00],
  [321.00,1821.00],
  [321.00,1859.00],
  [319.00,1899.00],
  [279.00,1061.00],
  [283.00,1122.00],
  [281.00,1161.00],
  [281.00,1198.00],
  [280.00,1240.00],
  [282.00,1274.00],
  [281.00,1318.00],
  [281.00,1355.00],
  [281.00,1395.00],
  [281.00,1435.00],
  [283.00,1473.00],
  [281.00,1550.00],
  [281.00,1584.00],
  [282.00,1626.00],
  [281.00,1667.00],
  [281.00,1704.00],
  [281.00,1743.00],
  [284.00,1783.00],
  [283.00,1822.00],
  [282.00,1860.00],
  [282.00,1900.00],
  [216.00,1181.00],
  [246.00,1373.00],
  [241.00,1433.00],
  [230.00,1471.00],
  [260.00,1514.00],
  [236.00,1541.00],
  [235.00,1838.00],
  [205.00,1063.00],
  [167.00,1100.00],
  [170.00,1131.00],
  [166.00,1084.00],
  [165.00,1202.00],
  [167.00,1239.00],
  [187.00,1260.00],
  [168.00,1281.00],
  [167.00,1315.00],
  [165.00,1360.00],
  [168.00,1391.00],
  [167.00,1434.00],
  [170.00,1471.00],
  [167.00,1550.00],
  [166.00,1587.00],
  [165.00,1626.00],
  [167.00,1665.00],
  [167.00,1711.00],
  [169.00,1743.00],
  [167.00,1781.00],
  [167.00,1820.00],
  [168.00,1858.00],
  [167.00,1901.00],
  [131.00,1055.00],
  [129.00,1094.00],
  [128.00,1132.00],
  [125.00,1172.00],
  [128.00,1213.00],
  [126.00,1250.00],
  [128.00,1290.00],
  [123.00,1327.00],
  [127.00,1367.00],
  [128.00,1405.00],
  [129.00,1443.00],
  [127.00,1485.00],
  [128.00,1522.00],
  [131.00,1560.00],
  [129.00,1599.00],
  [130.00,1638.00],
  [130.00,1678.00],
  [127.00,1713.00],
  [128.00,1753.00],
  [91.00,1058.00],
  [89.00,1097.00],
  [87.00,1131.00],
  [87.00,1169.00],
  [86.00,1211.00],
  [86.00,1248.00],
  [90.00,1292.00],
  [87.00,1240.00],
  [90.00,1369.00],
  [86.00,1408.00],
  [88.00,1445.00],
  [90.00,1483.00],
  [91.00,1520.00],
  [88.00,1558.00],
  [94.00,1606.00],
  [91.00,1639.00],
  [88.00,1676.00],
  [89.00,1629.00],
  [89.00,1758.00],
  [53.00,1057.00],
  [49.00,1094.00],
  [49.00,1135.00],
  [51.00,1175.00],
  [51.00,1213.00],
  [49.00,1251.00],
  [50.00,1288.00],
  [50.00,1328.00],
  [51.00,1366.00],
  [49.00,1404.00],
  [51.00,1444.00],
  [50.00,1483.00],
  [51.00,1522.00],
  [50.00,1558.00],
  [53.00,1600.00],
  [50.00,1637.00],
  [50.00,1673.00],
  [47.00,1712.00],
  [50.00,1754.00],
  [49.00,1795.00],
  [11.00,1055.00],
  [16.00,1095.00],
  [12.00,1134.00],
  [13.00,1173.00],
  [15.00,1210.00],
  [12.00,1249.00],
  [11.00,1289.00],
  [14.00,1328.00],
  [13.00,1368.00],
  [14.00,1406.00],
  [16.00,1441.00],
  [13.00,1482.00],
  [14.00,1521.00],
  [10.00,1561.00],
  [12.00,1594.00],
  [10.00,1637.00],
  [15.00,1678.00],
  [15.00,1714.00],
  [11.00,1753.00],
  [11.00,1793.00],
  [21.00,1882.00],
  [88.00,1327.00],
  [88.00,1712.00],
  [503.00,2002.00],
  [512.00,2040.00],
  [542.00,2099.00],
  [521.00,2140.00],
  [534.00,2179.00],
  [484.00,2098.00],
  [434.00,2062.00],
  [414.00,2020.00],
  [394.00,2137.00],
  [426.00,2198.00],
  [463.00,2277.00],
  [484.00,2313.00],
  [415.00,2292.00],
  [435.00,2373.00],
  [436.00,2437.00],
  [463.00,2438.00],
  [494.00,2458.00],
  [484.00,2516.00],
  [484.00,2552.00],
  [483.00,2592.00],
  [483.00,2630.00],
  [484.00,2671.00],
  [483.00,2707.00],
  [484.00,2748.00],
  [482.00,2784.00],
  [482.00,2824.00],
  [484.00,2863.00],
  [485.00,2903.00],
  [483.00,2939.00],
  [521.00,2941.00],
  [520.00,2899.00],
  [523.00,2862.00],
  [521.00,2823.00],
  [521.00,2787.00],
  [524.00,2745.00],
  [520.00,2709.00],
  [521.00,2669.00],
  [522.00,2631.00],
  [520.00,2593.00],
  [473.00,3011.00],
  [337.00,1933.00],
  [359.00,1964.00],
  [368.00,2001.00],
  [368.00,2039.00],
  [367.00,2079.00],
  [367.00,2118.00],
  [368.00,2160.00],
  [367.00,2197.00],
  [367.00,2238.00],
  [368.00,2275.00],
  [368.00,2313.00],
  [370.00,2351.00],
  [369.00,2392.00],
  [365.00,2427.00],
  [322.00,2080.00],
  [319.00,2118.00],
  [318.00,2156.00],
  [319.00,2199.00],
  [318.00,2233.00],
  [319.00,2274.00],
  [319.00,2315.00],
  [318.00,2352.00],
  [319.00,2394.00],
  [318.00,2428.00],
  [290.00,1972.00],
  [281.00,1999.00],
  [282.00,2042.00],
  [280.00,2078.00],
  [278.00,2115.00],
  [280.00,2161.00],
  [280.00,2195.00],
  [279.00,2236.00],
  [281.00,2278.00],
  [280.00,2312.00],
  [281.00,2355.00],
  [280.00,2392.00],
  [277.00,2427.00],
  [348.00,2503.00],
  [385.00,2524.00],
  [387.00,2554.00],
  [365.00,2582.00],
  [376.00,2622.00],
  [394.00,2750.00],
  [395.00,2952.00],
  [308.00,2526.00],
  [279.00,2527.00],
  [280.00,2563.00],
  [321.00,2604.00],
  [283.00,2600.00],
  [316.00,2640.00],
  [282.00,2640.00],
  [321.00,2680.00],
  [280.00,2679.00],
  [320.00,2717.00],
  [282.00,2717.00],
  [320.00,2757.00],
  [279.00,2755.00],
  [318.00,2798.00],
  [283.00,2794.00],
  [319.00,2833.00],
  [281.00,2832.00],
  [318.00,2870.00],
  [282.00,2869.00],
  [321.00,2910.00],
  [280.00,2910.00],
  [320.00,2949.00],
  [281.00,2949.00],
  [557.00,3089.00],
  [559.00,3125.00],
  [556.00,3164.00],
  [558.00,3201.00],
  [558.00,3240.00],
  [559.00,3279.00],
  [558.00,3317.00],
  [559.00,3356.00],
  [561.00,3393.00],
  [560.00,3437.00],
  [490.00,3277.00],
  [463.00,3085.00],
  [462.00,3122.00],
  [464.00,3163.00],
  [463.00,3200.00],
  [461.00,3235.00],
  [464.00,3278.00],
  [462.00,3316.00],
  [464.00,3355.00],
  [463.00,3395.00],
  [464.00,3434.00],
  [558.00,3532.00],
  [559.00,3568.00],
  [559.00,3604.00],
  [562.00,3645.00],
  [558.00,3685.00],
  [561.00,3724.00],
  [558.00,3766.00],
  [559.00,3800.00],
  [560.00,3839.00],
  [561.00,3879.00],
  [520.00,3760.00],
  [509.00,3800.00],
  [511.00,3840.00],
  [509.00,3879.00],
  [460.00,3489.00],
  [443.00,3519.00],
  [452.00,3565.00],
  [464.00,3606.00],
  [463.00,3644.00],
  [461.00,3685.00],
  [462.00,3721.00],
  [463.00,3761.00],
  [462.00,3801.00],
  [462.00,3840.00],
  [462.00,3877.00],
  [444.00,3036.00],
  [357.00,3037.00],
  [394.00,3260.00],
  [397.00,3339.00],
  [396.00,3418.00],
  [384.00,3512.00],
  [388.00,3548.00],
  [374.00,3609.00],
  [403.00,3646.00],
  [424.00,3687.00],
  [406.00,3743.00],
  [405.00,3906.00],
  [442.00,3919.00],
  [344.00,3087.00],
  [349.00,3124.00],
  [346.00,3162.00],
  [347.00,3201.00],
  [348.00,3238.00],
  [347.00,3275.00],
  [346.00,3317.00],
  [349.00,3358.00],
  [347.00,3397.00],
  [349.00,3432.00],
  [349.00,3477.00],
  [347.00,3511.00],
  [348.00,3547.00],
  [346.00,3604.00],
  [346.00,3643.00],
  [347.00,3687.00],
  [348.00,3724.00],
  [346.00,3762.00],
  [348.00,3798.00],
  [344.00,3839.00],
  [347.00,3876.00],
  [324.00,3413.00],
  [307.00,3501.00],
  [296.00,3558.00],
  [327.00,3629.00],
  [296.00,3743.00],
  [270.00,3124.00],
  [272.00,3161.00],
  [269.00,3197.00],
  [272.00,3238.00],
  [270.00,3279.00],
  [271.00,3318.00],
  [273.00,3356.00],
  [250.00,3220.00],
  [231.00,3288.00],
  [221.00,3338.00],
  [242.00,3377.00],
  [263.00,3453.00],
  [252.00,3529.00],
  [212.00,3470.00],
  [211.00,3514.00],
  [272.00,3587.00],
  [270.00,3624.00],
  [268.00,3665.00],
  [270.00,3706.00],
  [270.00,3742.00],
  [270.00,3784.00],
  [270.00,3820.00],
  [270.00,3858.00],
  [271.00,3916.00],
  [213.00,3824.00],
  [194.00,3917.00],
  [223.00,2021.00],
  [222.00,2140.00],
  [234.00,2410.00],
  [231.00,2490.00],
  [202.00,2079.00],
  [203.00,2120.00],
  [202.00,2159.00],
  [203.00,2197.00],
  [201.00,2237.00],
  [204.00,2274.00],
  [204.00,2316.00],
  [202.00,2353.00],
  [200.00,2392.00],
  [204.00,2428.00],
  [203.00,2602.00],
  [204.00,2643.00],
  [205.00,2699.00],
  [205.00,2721.00],
  [204.00,2759.00],
  [204.00,2799.00],
  [204.00,2836.00],
  [203.00,2877.00],
  [204.00,2913.00],
  [204.00,2953.00],
  [164.00,2003.00],
  [165.00,2042.00],
  [165.00,2081.00],
  [164.00,2120.00],
  [164.00,2159.00],
  [165.00,2197.00],
  [164.00,2233.00],
  [164.00,2274.00],
  [166.00,2315.00],
  [165.00,2351.00],
  [164.00,2392.00],
  [164.00,2430.00],
  [165.00,2487.00],
  [164.00,2523.00],
  [166.00,2567.00],
  [165.00,2602.00],
  [166.00,2643.00],
  [163.00,2683.00],
  [165.00,2721.00],
  [165.00,2759.00],
  [164.00,2799.00],
  [163.00,2837.00],
  [166.00,2869.00],
  [166.00,2911.00],
  [164.00,2954.00],
  [128.00,2080.00],
  [127.00,2140.00],
  [127.00,2180.00],
  [125.00,2219.00],
  [125.00,2258.00],
  [127.00,2296.00],
  [125.00,2158.00],
  [128.00,2373.00],
  [127.00,2416.00],
  [126.00,2448.00],
  [128.00,2489.00],
  [127.00,2528.00],
  [127.00,2564.00],
  [126.00,2607.00],
  [127.00,2642.00],
  [126.00,2683.00],
  [126.00,2720.00],
  [128.00,2760.00],
  [127.00,2796.00],
  [124.00,2834.00],
  [127.00,2874.00],
  [129.00,2914.00],
  [78.00,1990.00],
  [88.00,2137.00],
  [90.00,2177.00],
  [87.00,2218.00],
  [87.00,2258.00],
  [90.00,2298.00],
  [91.00,2343.00],
  [90.00,2373.00],
  [92.00,2420.00],
  [89.00,2449.00],
  [87.00,2489.00],
  [86.00,2524.00],
  [90.00,2565.00],
  [88.00,2604.00],
  [89.00,2643.00],
  [87.00,2679.00],
  [89.00,2718.00],
  [89.00,2757.00],
  [90.00,2806.00],
  [88.00,2835.00],
  [87.00,2872.00],
  [88.00,2911.00],
  [50.00,2137.00],
  [50.00,2176.00],
  [51.00,2216.00],
  [49.00,2257.00],
  [50.00,2294.00],
  [49.00,2334.00],
  [49.00,2370.00],
  [48.00,2408.00],
  [50.00,2449.00],
  [50.00,2489.00],
  [50.00,2525.00],
  [49.00,2564.00],
  [50.00,2603.00],
  [50.00,2643.00],
  [49.00,2681.00],
  [50.00,2717.00],
  [50.00,2757.00],
  [51.00,2796.00],
  [49.00,2834.00],
  [49.00,2874.00],
  [-23.00,1994.00],
  [10.00,2137.00],
  [12.00,2178.00],
  [11.00,2217.00],
  [11.00,2256.00],
  [11.00,2292.00],
  [11.00,2333.00],
  [13.00,2378.00],
  [10.00,2411.00],
  [9.00,2448.00],
  [10.00,2484.00],
  [9.00,2524.00],
  [11.00,2563.00],
  [10.00,2601.00],
  [10.00,2640.00],
  [11.00,2682.00],
  [9.00,2718.00],
  [10.00,2754.00],
  [10.00,2801.00],
  [10.00,2834.00],
  [11.00,2872.00],
  [126.00,2334.00],
  [173.00,3143.00],
  [174.00,3184.00],
  [155.00,3123.00],
  [154.00,3162.00],
  [156.00,3203.00],
  [154.00,3241.00],
  [154.00,3278.00],
  [154.00,3314.00],
  [156.00,3355.00],
  [153.00,3397.00],
  [136.00,3468.00],
  [135.00,3510.00],
  [155.00,3551.00],
  [156.00,3591.00],
  [155.00,3627.00],
  [155.00,3665.00],
  [154.00,3707.00],
  [152.00,3744.00],
  [156.00,3791.00],
  [155.00,3822.00],
  [157.00,3861.00],
  [115.00,3547.00],
  [114.00,3585.00],
  [114.00,3600.00],
  [113.00,3610.00],
  [113.00,3624.00],
  [112.00,3663.00],
  [112.00,3699.00],
  [112.00,3739.00],
  [112.00,3779.00],
  [116.00,3819.00],
  [113.00,3858.00],
  [114.00,3898.00],
  [105.00,3102.00],
  [103.00,3159.00],
  [107.00,3256.00],
  [105.00,3295.00],
  [105.00,3375.00],
  [66.00,3215.00],
  [64.00,3374.00],
  [75.00,3462.00],
  [36.00,3460.00],
  [75.00,3546.00],
  [37.00,3547.00],
  [76.00,3624.00],
  [35.00,3622.00],
  [77.00,3702.00],
  [37.00,3701.00],
  [77.00,3778.00],
  [37.00,3780.00],
  [78.00,3858.00],
  [36.00,3856.00],
  [-4.00,3873.00],
  [17.00,2052.00],
  [16.00,2962.00],
  [-66.00,3134.00],
  [-68.00,3905.00],
  [38.00,3941.00]
]