[
  [200.00,400.00],
  [200.00,500.00],
  [200.00,600.00],
  [200.00,700.00],
  [200.00,800.00],
  [200.00,900.00],
  [200.00,1000.00],
  [200.00,1100.00],
  [200.00,1200.00],
  [200.00,1300.00],
  [200.00,1400.00],
  [200.00,1500.00],
  [200.00,1600.00],
  [200.00,1700.00],
  [200.00,1800.00],
  [200.00,1900.00],
  [200.00,2000.00],
  [200.00,2100.00],
  [200.00,2200.00],
  [200.00,2300.00],
  [200.00,2400.00],
  [200.00,2500.00],
  [200.00,2600.00],
  [200.00,2700.00],
  [200.00,2800.00],
  [200.00,2900.00],
  [200.00,3000.00],
  [200.00,3100.00],
  [200.00,3200.00],
  [200.00,3300.00],
  [200.00,3400.00],
  [200.00,3500.00],
  [200.00,3600.00],
  [300.00,400.00],
  [300.00,500.00],
  [300.00,600.00],
  [300.00,700.00],
  [300.00,800.00],
  [300.00,900.00],
  [300.00,1000.00],
  [300.00,1100.00],
  [300.00,1200.00],
  [300.00,1300.00],
  [300.00,1400.00],
  [300.00,1500.00],
  [300.00,1600.00],
  [300.00,1700.00],
  [300.00,1800.00],
  [300.00,1900.00],
  [300.00,2000.00],
  [300.00,2100.00],
  [300.00,2200.00],
  [300.00,2300.00],
  [300.00,2400.00],
  [300.00,2500.00],
  [300.00,2600.00],
  [300.00,2700.00],
  [300.00,2800.00],
  [300.00,2900.00],
  [300.00,3000.00],
  [300.00,3100.00],
  [300.00,3200.00],
  [300.00,3300.00],
  [300.00,3400.00],
  [300.00,3500.00],
  [400.00,400.00],
  [400.00,500.00],
  [400.00,600.00],
  [400.00,700.00],
  [400.00,800.00],
  [400.00,900.00],
  [400.00,1000.00],
  [400.00,1100.00],
  [400.00,1200.00],
  [400.00,1300.00],
  [400.00,1400.00],
  [400.00,1500.00],
  [400.00,1600.00],
  [400.00,1700.00],
  [400.00,1800.00],
  [400.00,1900.00],
  [400.00,2000.00],
  [400.00,2100.00],
  [400.00,2200.00],
  [400.00,2300.00],
  [400.00,2400.00],
  [400.00,2500.00],
  [400.00,2600.00],
  [400.00,2700.00],
  [400.00,2800.00],
  [400.00,2900.00],
  [400.00,3000.00],
  [400.00,3100.00],
  [400.00,3200.00],
  [400.00,3300.00],
  [400.00,3400.00],
  [400.00,3500.00],
  [400.00,3600.00],
  [500.00,1500.00],
  [500.00,1829.00],
  [500.00,3100.00],
  [600.00,400.00],
  [700.00,300.00],
  [700.00,600.00],
  [700.00,1500.00],
  [700.00,1600.00],
  [700.00,1800.00],
  [700.00,2100.00],
  [700.00,2400.00],
  [700.00,2700.00],
  [700.00,3000.00],
  [700.00,3300.00],
  [700.00,3600.00],
  [800.00,300.00],
  [800.00,600.00],
  [800.00,1030.00],
  [800.00,1500.00],
  [800.00,1800.00],
  [800.00,2100.00],
  [800.00,2400.00],
  [800.00,2600.00],
  [800.00,2700.00],
  [800.00,3000.00],
  [800.00,3300.00],
  [800.00,3600.00],
  [900.00,300.00],
  [900.00,600.00],
  [900.00,1500.00],
  [900.00,1800.00],
  [900.00,2100.00],
  [900.00,2400.00],
  [900.00,2700.00],
  [900.00,3000.00],
  [900.00,3300.00],
  [900.00,3600.00],
  [1000.00,300.00],
  [1000.00,600.00],
  [1000.00,1100.00],
  [1000.00,1500.00],
  [1000.00,1629.00],
  [1000.00,1800.00],
  [1000.00,2100.00],
  [1000.00,2400.00],
  [1000.00,2600.00],
  [1000.00,2700.00],
  [1000.00,3000.00],
  [1000.00,3300.00],
  [1000.00,3600.00],
  [1100.00,300.00],
  [1100.00,600.00],
  [1100.00,700.00],
  [1100.00,900.00],
  [1100.00,1500.00],
  [1100.00,1800.00],
  [1100.00,2100.00],
  [1100.00,2400.00],
  [1100.00,2700.00],
  [1100.00,3000.00],
  [1100.00,3300.00],
  [1100.00,3600.00],
  [1200.00,300.00],
  [1200.00,600.00],
  [1200.00,1500.00],
  [1200.00,1700.00],
  [1200.00,1800.00],
  [1200.00,2100.00],
  [1200.00,2400.00],
  [1200.00,2700.00],
  [1200.00,3000.00],
  [1200.00,3300.00],
  [1200.00,3600.00],
  [1300.00,300.00],
  [1300.00,600.00],
  [1300.00,700.00],
  [1300.00,1130.00],
  [1300.00,1500.00],
  [1300.00,1800.00],
  [1300.00,2100.00],
  [1300.00,2200.00],
  [1300.00,2400.00],
  [1300.00,2700.00],
  [1300.00,3000.00],
  [1300.00,3300.00],
  [1300.00,3600.00],
  [1400.00,300.00],
  [1400.00,600.00],
  [1400.00,930.00],
  [1400.00,1500.00],
  [1400.00,1800.00],
  [1400.00,2000.00],
  [1400.00,2100.00],
  [1400.00,2400.00],
  [1400.00,2500.00],
  [1400.00,2700.00],
  [1400.00,2820.00],
  [1400.00,2900.00],
  [1400.00,3000.00],
  [1400.00,3300.00],
  [1400.00,3600.00],
  [1500.00,1500.00],
  [1500.00,1800.00],
  [1500.00,1900.00],
  [1500.00,2100.00],
  [1500.00,2400.00],
  [1500.00,2700.00],
  [1500.00,2800.00],
  [1500.00,2860.00],
  [1500.00,3000.00],
  [1500.00,3300.00],
  [1500.00,3600.00],
  [1600.00,1100.00],
  [1600.00,1300.00],
  [1600.00,1500.00],
  [1600.00,1800.00],
  [1600.00,2100.00],
  [1600.00,2400.00],
  [1600.00,2700.00],
  [1600.00,3000.00],
  [1600.00,3300.00],
  [1600.00,3600.00],
  [1700.00,1200.00],
  [1700.00,1500.00],
  [1700.00,1800.00],
  [1700.00,2100.00],
  [1700.00,2400.00],
  [1700.00,3600.00],
  [1800.00,300.00],
  [1800.00,600.00],
  [1800.00,1230.00],
  [1800.00,1500.00],
  [1800.00,1800.00],
  [1800.00,2100.00],
  [1800.00,2400.00],
  [1900.00,300.00],
  [1900.00,600.00],
  [1900.00,3000.00],
  [1900.00,3520.00],
  [2000.00,300.00],
  [2000.00,370.00],
  [2000.00,600.00],
  [2000.00,800.00],
  [2000.00,900.00],
  [2000.00,1000.00],
  [2000.00,1100.00],
  [2000.00,1200.00],
  [2000.00,1300.00],
  [2000.00,1400.00],
  [2000.00,1500.00],
  [2000.00,1600.00],
  [2000.00,1700.00],
  [2000.00,1800.00],
  [2000.00,1900.00],
  [2000.00,2000.00],
  [2000.00,2100.00],
  [2000.00,2200.00],
  [2000.00,2300.00],
  [2000.00,2400.00],
  [2000.00,2500.00],
  [2000.00,2600.00],
  [2000.00,2700.00],
  [2000.00,2800.00],
  [2000.00,2900.00],
  [2000.00,3000.00],
  [2000.00,3100.00],
  [2000.00,3500.00],
  [2100.00,300.00],
  [2100.00,600.00],
  [2100.00,3200.00],
  [2200.00,300.00],
  [2200.00,469.00],
  [2200.00,600.00],
  [2200.00,3200.00],
  [2300.00,300.00],
  [2300.00,600.00],
  [2300.00,3400.00],
  [2400.00,300.00],
  [2400.00,600.00],
  [2400.00,2100.00],
  [2500.00,300.00],
  [2500.00,800.00],
  [2600.00,400.00],
  [2600.00,500.00],
  [2600.00,800.00],
  [2600.00,900.00],
  [2600.00,1000.00],
  [2600.00,1100.00],
  [2600.00,1200.00],
  [2600.00,1300.00],
  [2600.00,1400.00],
  [2600.00,1500.00],
  [2600.00,1600.00],
  [2600.00,1700.00],
  [2600.00,1800.00],
  [2600.00,1900.00],
  [2600.00,2000.00],
  [2600.00,2100.00],
  [2600.00,2200.00],
  [2600.00,2300.00],
  [2600.00,2400.00],
  [2600.00,2500.00],
  [2600.00,2600.00],
  [2600.00,2700.00],
  [2600.00,2800.00],
  [2600.00,2900.00],
  [2600.00,3000.00],
  [2600.00,3100.00],
  [2600.00,3400.00],
  [2700.00,700.00],
  [2700.00,800.00],
  [2700.00,900.00],
  [2700.00,1000.00],
  [2700.00,1100.00],
  [2700.00,1200.00],
  [2700.00,1300.00],
  [2700.00,1400.00],
  [2700.00,1500.00],
  [2700.00,1600.00],
  [2700.00,1700.00],
  [2700.00,1800.00],
  [2700.00,1900.00],
  [2700.00,2000.00],
  [2700.00,2100.00],
  [2700.00,2200.00],
  [2700.00,2300.00],
  [2700.00,2500.00],
  [2700.00,2600.00],
  [2700.00,2700.00],
  [2700.00,2800.00],
  [2700.00,2900.00],
  [2700.00,3000.00],
  [2700.00,3100.00],
  [2700.00,3200.00],
  [2700.00,3300.00],
  [2700.00,3400.00],
  [2700.00,3500.00],
  [2700.00,3600.00],
  [2700.00,3700.00],
  [2700.00,3800.00],
  [2800.00,900.00],
  [2800.00,1130.00],
  [2900.00,400.00],
  [2900.00,500.00],
  [2900.00,1400.00],
  [2900.00,2400.00],
  [2900.00,3000.00],
  [3000.00,700.00],
  [3000.00,800.00],
  [3000.00,900.00],
  [3000.00,1000.00],
  [3000.00,1100.00],
  [3000.00,1200.00],
  [3000.00,1300.00],
  [3000.00,1500.00],
  [3000.00,1600.00],
  [3000.00,1700.00],
  [3000.00,1800.00],
  [3000.00,1900.00],
  [3000.00,2000.00],
  [3000.00,2100.00],
  [3000.00,2200.00],
  [3000.00,2300.00],
  [3000.00,2500.00],
  [3000.00,2600.00],
  [3000.00,2700.00],
  [3000.00,2800.00],
  [3000.00,2900.00],
  [3000.00,3000.00],
  [3000.00,3100.00],
  [3000.00,3200.00],
  [3000.00,3300.00],
  [3000.00,3400.00],
  [3000.00,3500.00],
  [3000.00,3600.00],
  [3000.00,3700.00],
  [3000.00,3800.00],
  [150.00,3500.00],
  [150.00,3550.00],
  [469.00,2550.00],
  [469.00,3350.00],
  [469.00,3450.00],
  [540.00,2330.00],
  [540.00,2430.00],
  [620.00,3650.00],
  [620.00,3709.00],
  [750.00,2550.00],
  [850.00,520.00],
  [850.00,700.00],
  [850.00,2280.00],
  [939.00,740.00],
  [950.00,2220.00],
  [910.00,2600.00],
  [1050.00,1050.00],
  [1150.00,1350.00],
  [1170.00,2280.00],
  [1220.00,2210.00],
  [1350.00,750.00],
  [1350.00,1700.00],
  [1350.00,2140.00],
  [1450.00,770.00],
  [1550.00,300.00],
  [1550.00,500.00],
  [1550.00,1850.00],
  [1650.00,1050.00],
  [1690.00,2680.00],
  [1710.00,310.00],
  [1710.00,510.00],
  [1750.00,750.00],
  [1790.00,2580.00],
  [1720.00,2610.00],
  [1790.00,3330.00],
  [1720.00,3409.00],
  [1829.00,2700.00],
  [1829.00,2800.00],
  [1829.00,3450.00],
  [2060.00,1650.00],
  [2050.00,3150.00],
  [2170.00,1900.00],
  [2110.00,2000.00],
  [2120.00,2750.00],
  [2150.00,3250.00],
  [2290.00,1400.00],
  [2220.00,2820.00],
  [2280.00,3250.00],
  [2390.00,1300.00],
  [2320.00,1500.00],
  [2450.00,710.00],
  [2620.00,3650.00],
  [2750.00,520.00],
  [2760.00,2360.00],
  [2850.00,2200.00],
  [2850.00,2700.00],
  [2850.00,3350.00],
  [2930.00,950.00],
  [2950.00,1750.00],
  [2950.00,2050.00],
  [520.00,3200.00],
  [2300.00,3500.00],
  [2320.00,3150.00],
  [530.00,2100.00],
  [2550.00,710.00],
  [750.00,490.00],
  [0.00,0.00]
]