[
  [1639.00,2156.00],
  [1875.00,2925.00],
  [2150.00,2925.00],
  [2425.00,2925.00],
  [2525.00,2675.00],
  [2525.00,2575.00],
  [2525.00,2375.00],
  [2525.00,2275.00],
  [2525.00,2175.00],
  [2786.00,2148.00],
  [2786.00,2249.00],
  [2786.00,2352.00],
  [2785.00,2451.00],
  [2785.00,2552.00],
  [2787.00,2651.00],
  [2925.00,2925.00],
  [3198.00,2925.00],
  [3475.00,2925.00],
  [3725.00,2925.00],
  [3675.00,2675.00],
  [3675.00,2575.00],
  [3675.00,2375.00],
  [3675.00,2275.00],
  [3675.00,2175.00],
  [4189.00,2156.00],
  [4190.00,2256.00],
  [4190.00,2355.00],
  [4189.00,2456.00],
  [4189.00,2556.00],
  [4190.00,2656.00],
  [4275.00,2975.00],
  [4425.00,2925.00],
  [4700.00,2925.00],
  [4975.00,2925.00],
  [5075.00,2675.00],
  [5075.00,2575.00],
  [5075.00,2375.00],
  [5075.00,2275.00],
  [5075.00,2175.00],
  [5336.00,2148.00],
  [5336.00,2249.00],
  [5336.00,2352.00],
  [5335.00,2451.00],
  [5335.00,2552.00],
  [5337.00,2651.00],
  [5475.00,2925.00],
  [5748.00,2925.00],
  [6025.00,2925.00],
  [6275.00,2925.00],
  [6225.00,2675.00],
  [6225.00,2575.00],
  [6225.00,2375.00],
  [6225.00,2275.00],
  [6225.00,2175.00],
  [6739.00,2156.00],
  [6740.00,2256.00],
  [6740.00,2355.00],
  [6739.00,2456.00],
  [6739.00,2556.00],
  [6740.00,2656.00],
  [6825.00,2975.00],
  [6975.00,2925.00],
  [7250.00,2925.00],
  [7525.00,2925.00],
  [7625.00,2675.00],
  [7625.00,2575.00],
  [7625.00,2375.00],
  [7625.00,2275.00],
  [7625.00,2175.00],
  [7886.00,2148.00],
  [7886.00,2249.00],
  [7886.00,2352.00],
  [7885.00,2451.00],
  [7885.00,2552.00],
  [7887.00,2651.00],
  [8025.00,2925.00],
  [8298.00,2925.00],
  [8575.00,2925.00],
  [8825.00,2925.00],
  [8775.00,2675.00],
  [8775.00,2575.00],
  [8775.00,2375.00],
  [8775.00,2275.00],
  [8775.00,2175.00],
  [9289.00,2156.00],
  [9290.00,2256.00],
  [9290.00,2355.00],
  [9289.00,2456.00],
  [9289.00,2556.00],
  [9290.00,2656.00],
  [9375.00,2975.00],
  [9525.00,2925.00],
  [9800.00,2925.00],
  [10075.00,2925.00],
  [10175.00,2675.00],
  [10175.00,2575.00],
  [10175.00,2375.00],
  [10175.00,2275.00],
  [10175.00,2175.00],
  [10436.00,2148.00],
  [10436.00,2249.00],
  [10436.00,2352.00],
  [10435.00,2451.00],
  [10435.00,2552.00],
  [10437.00,2651.00],
  [10575.00,2925.00],
  [10848.00,2925.00],
  [11125.00,2925.00],
  [11325.00,2175.00],
  [11325.00,2275.00],
  [11325.00,2375.00],
  [11325.00,2575.00],
  [11325.00,2675.00],
  [11375.00,2925.00],
  [11375.00,3125.00],
  [11400.00,3225.00],
  [11400.00,3325.00],
  [11400.00,3475.00],
  [11400.00,3625.00],
  [11300.00,3825.00],
  [11125.00,3825.00],
  [11125.00,3925.00],
  [11025.00,3975.00],
  [10925.00,3975.00],
  [10925.00,3875.00],
  [10550.00,3925.00],
  [10550.00,3725.00],
  [10550.00,3325.00],
  [10100.00,3325.00],
  [10100.00,3725.00],
  [10100.00,3925.00],
  [9725.00,3875.00],
  [9725.00,3975.00],
  [9625.00,3975.00],
  [9550.00,3875.00],
  [9425.00,3875.00],
  [9275.00,3900.00],
  [9250.00,3700.00],
  [9250.00,3575.00],
  [9250.00,3475.00],
  [9250.00,3375.00],
  [9250.00,3275.00],
  [8825.00,3125.00],
  [8850.00,3225.00],
  [8850.00,3325.00],
  [8850.00,3475.00],
  [8850.00,3625.00],
  [8750.00,3825.00],
  [8575.00,3825.00],
  [8575.00,3925.00],
  [8475.00,3975.00],
  [8375.00,3875.00],
  [8375.00,3975.00],
  [8400.00,4125.00],
  [8300.00,4175.00],
  [8400.00,4275.00],
  [8500.00,4175.00],
  [8675.00,4325.00],
  [8775.00,4425.00],
  [8825.00,4325.00],
  [9275.00,4275.00],
  [9375.00,4275.00],
  [9325.00,4375.00],
  [9400.00,4450.00],
  [9400.00,4550.00],
  [9325.00,4500.00],
  [9215.00,4560.00],
  [9215.00,4710.00],
  [9375.00,4775.00],
  [9215.00,4860.00],
  [9215.00,5010.00],
  [9215.00,5160.00],
  [9215.00,5310.00],
  [9215.00,5460.00],
  [9215.00,5610.00],
  [9475.00,5675.00],
  [9475.00,5525.00],
  [9475.00,5425.00],
  [9475.00,5275.00],
  [9475.00,5025.00],
  [9575.00,5075.00],
  [9725.00,5075.00],
  [9675.00,4975.00],
  [9575.00,4925.00],
  [9525.00,4775.00],
  [9600.00,4675.00],
  [9625.00,4775.00],
  [9775.00,4775.00],
  [9975.00,4600.00],
  [9875.00,4600.00],
  [9800.00,4525.00],
  [9700.00,4525.00],
  [9700.00,4425.00],
  [9800.00,4425.00],
  [9800.00,4325.00],
  [9700.00,4275.00],
  [9600.00,4175.00],
  [9700.00,4125.00],
  [9800.00,4175.00],
  [9875.00,4275.00],
  [9975.00,4275.00],
  [10075.00,4175.00],
  [10275.00,4175.00],
  [10375.00,4175.00],
  [10575.00,4175.00],
  [10675.00,4275.00],
  [10775.00,4275.00],
  [10850.00,4325.00],
  [10850.00,4425.00],
  [10850.00,4525.00],
  [10775.00,4575.00],
  [10675.00,4575.00],
  [10875.00,4775.00],
  [11025.00,4775.00],
  [11175.00,4725.00],
  [11050.00,4675.00],
  [10950.00,4500.00],
  [10950.00,4400.00],
  [10950.00,4275.00],
  [10850.00,4175.00],
  [10950.00,4125.00],
  [11050.00,4175.00],
  [11225.00,4325.00],
  [11375.00,4325.00],
  [11325.00,4425.00],
  [11325.00,4575.00],
  [11325.00,4675.00],
  [11325.00,4775.00],
  [11325.00,4925.00],
  [11450.00,4925.00],
  [11450.00,5075.00],
  [11422.00,5204.00],
  [11425.00,5325.00],
  [11325.00,5275.00],
  [11325.00,5375.00],
  [11175.00,5375.00],
  [11175.00,5275.00],
  [11125.00,5175.00],
  [11100.00,5025.00],
  [10975.00,4975.00],
  [10925.00,5075.00],
  [10950.00,5175.00],
  [10900.00,5275.00],
  [10900.00,5375.00],
  [10800.00,5175.00],
  [10525.00,5175.00],
  [10325.00,5175.00],
  [10325.00,5025.00],
  [10425.00,5075.00],
  [10475.00,4975.00],
  [10325.00,4875.00],
  [10175.00,4975.00],
  [10225.00,5075.00],
  [10125.00,5175.00],
  [9975.00,5175.00],
  [10050.00,5250.00],
  [10050.00,5350.00],
  [10025.00,5450.00],
  [10175.00,5450.00],
  [10325.00,5450.00],
  [10475.00,5450.00],
  [10575.00,5450.00],
  [10675.00,5450.00],
  [10525.00,6025.00],
  [10525.00,6125.00],
  [10675.00,6125.00],
  [10825.00,6025.00],
  [11025.00,6050.00],
  [11224.00,5908.00],
  [11400.00,5975.00],
  [11400.00,6375.00],
  [11400.00,6575.00],
  [11175.00,6575.00],
  [11025.00,6450.00],
  [10975.00,6675.00],
  [11075.00,6775.00],
  [10975.00,6875.00],
  [11175.00,6975.00],
  [11375.00,6975.00],
  [11325.00,7075.00],
  [11400.00,7150.00],
  [11125.00,7150.00],
  [10975.00,7150.00],
  [10875.00,7325.00],
  [10925.00,7425.00],
  [11075.00,7425.00],
  [11175.00,7475.00],
  [11075.00,7575.00],
  [11175.00,7625.00],
  [11175.00,7725.00],
  [11025.00,7725.00],
  [11025.00,7825.00],
  [11175.00,7825.00],
  [11325.00,7875.00],
  [11425.00,7925.00],
  [11425.00,8075.00],
  [11325.00,8075.00],
  [11275.00,8175.00],
  [11425.00,8225.00],
  [11425.00,8375.00],
  [11275.00,8325.00],
  [11175.00,8325.00],
  [11075.00,8225.00],
  [10975.00,8225.00],
  [10925.00,7975.00],
  [10775.00,7825.00],
  [10825.00,7600.00],
  [10725.00,7575.00],
  [10775.00,7425.00],
  [10675.00,7425.00],
  [10525.00,7425.00],
  [10525.00,7575.00],
  [10450.00,7750.00],
  [10300.00,7750.00],
  [10425.00,7875.00],
  [10525.00,7925.00],
  [10575.00,7825.00],
  [10625.00,7975.00],
  [10725.00,7975.00],
  [10725.00,8075.00],
  [10625.00,8125.00],
  [10525.00,8075.00],
  [10425.00,8025.00],
  [10425.00,8125.00],
  [10250.00,8225.00],
  [10150.00,8225.00],
  [10225.00,8125.00],
  [10275.00,7975.00],
  [10125.00,7975.00],
  [10000.00,7875.00],
  [10000.00,7775.00],
  [9825.00,7825.00],
  [9625.00,7725.00],
  [9475.00,7725.00],
  [9425.00,7625.00],
  [9575.00,7625.00],
  [9625.00,7475.00],
  [9725.00,7575.00],
  [9825.00,7475.00],
  [10025.00,7525.00],
  [9975.00,7425.00],
  [9925.00,7275.00],
  [9825.00,7075.00],
  [9625.00,7075.00],
  [9725.00,6975.00],
  [9875.00,6775.00],
  [9725.00,6775.00],
  [9575.00,6825.00],
  [9575.00,6675.00],
  [9725.00,6425.00],
  [9625.00,6200.00],
  [9725.00,6025.00],
  [9625.00,6000.00],
  [9225.00,6375.00],
  [9225.00,6525.00],
  [9375.00,6525.00],
  [9375.00,6675.00],
  [9225.00,6675.00],
  [9225.00,6875.00],
  [9225.00,7075.00],
  [9226.00,7259.00],
  [9225.00,7260.00],
  [9226.00,7409.00],
  [9225.00,7410.00],
  [9225.00,7560.00],
  [9226.00,7560.00],
  [9225.00,7710.00],
  [9225.00,7711.00],
  [9325.00,7825.00],
  [9225.00,7875.00],
  [9225.00,7975.00],
  [9225.00,8075.00],
  [9225.00,8175.00],
  [9225.00,8275.00],
  [9225.00,8375.00],
  [9225.00,8475.00],
  [9275.00,8825.00],
  [9475.00,8825.00],
  [9578.00,8820.00],
  [9847.00,8703.00],
  [9875.00,8825.00],
  [10025.00,8725.00],
  [10075.00,8825.00],
  [10175.00,8725.00],
  [10100.00,8575.00],
  [10250.00,8375.00],
  [10250.00,8475.00],
  [10250.00,8625.00],
  [10475.00,8775.00],
  [10575.00,8775.00],
  [10675.00,8775.00],
  [10775.00,8775.00],
  [10925.00,8775.00],
  [10875.00,8625.00],
  [10875.00,8525.00],
  [10975.00,8575.00],
  [11175.00,8475.00],
  [11275.00,8425.00],
  [11350.00,8575.00],
  [11450.00,8675.00],
  [11350.00,8775.00],
  [11325.00,9325.00],
  [11325.00,9425.00],
  [11325.00,9525.00],
  [11325.00,9725.00],
  [11325.00,9825.00],
  [11125.00,10075.00],
  [11375.00,10075.00],
  [11375.00,10275.00],
  [11400.00,10375.00],
  [11400.00,10475.00],
  [11400.00,10625.00],
  [11400.00,10775.00],
  [11300.00,10975.00],
  [11125.00,10975.00],
  [11125.00,11075.00],
  [11025.00,11125.00],
  [10925.00,11125.00],
  [10925.00,11025.00],
  [10550.00,10875.00],
  [10550.00,11075.00],
  [10275.00,11325.00],
  [10375.00,11325.00],
  [10575.00,11325.00],
  [10675.00,11425.00],
  [10775.00,11425.00],
  [10850.00,11475.00],
  [10850.00,11575.00],
  [10850.00,11675.00],
  [10775.00,11725.00],
  [10675.00,11725.00],
  [10875.00,11925.00],
  [11025.00,11925.00],
  [11175.00,11875.00],
  [11050.00,11825.00],
  [10950.00,11650.00],
  [10950.00,11550.00],
  [10950.00,11425.00],
  [10850.00,11325.00],
  [10950.00,11275.00],
  [11050.00,11325.00],
  [11225.00,11475.00],
  [11375.00,11475.00],
  [11325.00,11575.00],
  [11325.00,11725.00],
  [11325.00,11825.00],
  [11325.00,11925.00],
  [11325.00,12075.00],
  [11450.00,12075.00],
  [11450.00,12225.00],
  [11422.00,12354.00],
  [11425.00,12475.00],
  [11325.00,12425.00],
  [11325.00,12525.00],
  [11175.00,12525.00],
  [11175.00,12425.00],
  [11125.00,12325.00],
  [11100.00,12175.00],
  [10975.00,12125.00],
  [10925.00,12225.00],
  [10950.00,12325.00],
  [10900.00,12425.00],
  [10900.00,12525.00],
  [10800.00,12325.00],
  [10525.00,12325.00],
  [10425.00,12225.00],
  [10475.00,12125.00],
  [10325.00,12025.00],
  [10175.00,12125.00],
  [10225.00,12225.00],
  [10325.00,12175.00],
  [10325.00,12325.00],
  [10125.00,12325.00],
  [9975.00,12325.00],
  [10050.00,12400.00],
  [10050.00,12500.00],
  [10025.00,12600.00],
  [10175.00,12600.00],
  [10325.00,12600.00],
  [10475.00,12600.00],
  [10575.00,12600.00],
  [10675.00,12600.00],
  [10525.00,13175.00],
  [10525.00,13275.00],
  [10675.00,13275.00],
  [10825.00,13175.00],
  [11025.00,13200.00],
  [11224.00,13058.00],
  [11400.00,13125.00],
  [11400.00,13525.00],
  [11400.00,13725.00],
  [11175.00,13725.00],
  [11025.00,13600.00],
  [10975.00,13825.00],
  [11075.00,13925.00],
  [10975.00,14025.00],
  [11175.00,14125.00],
  [11375.00,14125.00],
  [11325.00,14225.00],
  [11400.00,14300.00],
  [11125.00,14300.00],
  [10975.00,14300.00],
  [10875.00,14475.00],
  [10925.00,14575.00],
  [10825.00,14750.00],
  [10725.00,14725.00],
  [10775.00,14575.00],
  [10675.00,14575.00],
  [10525.00,14575.00],
  [10525.00,14725.00],
  [10450.00,14900.00],
  [10300.00,14900.00],
  [10425.00,15025.00],
  [10425.00,15175.00],
  [10425.00,15275.00],
  [10525.00,15225.00],
  [10625.00,15275.00],
  [10725.00,15225.00],
  [10725.00,15125.00],
  [10625.00,15125.00],
  [10525.00,15075.00],
  [10575.00,14975.00],
  [10775.00,14975.00],
  [10925.00,15125.00],
  [11025.00,14975.00],
  [11025.00,14875.00],
  [11075.00,14725.00],
  [11075.00,14575.00],
  [11175.00,14625.00],
  [11175.00,14775.00],
  [11175.00,14875.00],
  [11175.00,14975.00],
  [11325.00,15025.00],
  [11425.00,15075.00],
  [11425.00,15225.00],
  [11325.00,15225.00],
  [11275.00,15325.00],
  [11425.00,15375.00],
  [11425.00,15525.00],
  [11350.00,15725.00],
  [11450.00,15825.00],
  [11350.00,15925.00],
  [11175.00,15625.00],
  [11275.00,15575.00],
  [11275.00,15475.00],
  [11175.00,15475.00],
  [11075.00,15375.00],
  [10975.00,15375.00],
  [10875.00,15675.00],
  [10975.00,15725.00],
  [10875.00,15775.00],
  [10925.00,15925.00],
  [10775.00,15925.00],
  [10675.00,15925.00],
  [10575.00,15925.00],
  [10475.00,15925.00],
  [10250.00,15775.00],
  [10175.00,15875.00],
  [10075.00,15975.00],
  [9875.00,15975.00],
  [9847.00,15853.00],
  [10025.00,15875.00],
  [10100.00,15725.00],
  [10250.00,15625.00],
  [10250.00,15525.00],
  [10250.00,15375.00],
  [10150.00,15375.00],
  [10225.00,15275.00],
  [10275.00,15125.00],
  [10125.00,15125.00],
  [10000.00,15025.00],
  [10000.00,14925.00],
  [9825.00,14975.00],
  [9625.00,14875.00],
  [9475.00,14875.00],
  [9425.00,14775.00],
  [9575.00,14775.00],
  [9625.00,14625.00],
  [9725.00,14725.00],
  [9825.00,14625.00],
  [10025.00,14675.00],
  [9975.00,14575.00],
  [9925.00,14425.00],
  [9825.00,14225.00],
  [9625.00,14225.00],
  [9725.00,14125.00],
  [9875.00,13925.00],
  [9725.00,13925.00],
  [9575.00,13975.00],
  [9575.00,13825.00],
  [9725.00,13575.00],
  [9625.00,13350.00],
  [9725.00,13175.00],
  [9625.00,13150.00],
  [9225.00,13525.00],
  [9225.00,13675.00],
  [9375.00,13675.00],
  [9375.00,13825.00],
  [9225.00,13825.00],
  [9225.00,14025.00],
  [9225.00,14225.00],
  [9226.00,14409.00],
  [9225.00,14410.00],
  [9226.00,14559.00],
  [9225.00,14560.00],
  [9225.00,14710.00],
  [9226.00,14710.00],
  [9225.00,14860.00],
  [9225.00,14861.00],
  [9325.00,14975.00],
  [9225.00,15025.00],
  [9225.00,15125.00],
  [9225.00,15225.00],
  [9225.00,15325.00],
  [9225.00,15425.00],
  [9225.00,15525.00],
  [9225.00,15625.00],
  [9578.00,15970.00],
  [9475.00,15975.00],
  [9275.00,15975.00],
  [8900.00,15825.00],
  [8800.00,15925.00],
  [8800.00,15725.00],
  [8725.00,15575.00],
  [8625.00,15625.00],
  [8425.00,15725.00],
  [8325.00,15675.00],
  [8325.00,15775.00],
  [8375.00,15925.00],
  [8225.00,15925.00],
  [8125.00,15925.00],
  [8025.00,15925.00],
  [7925.00,15925.00],
  [7700.00,15775.00],
  [7700.00,15625.00],
  [7700.00,15525.00],
  [7550.00,15725.00],
  [7625.00,15875.00],
  [7525.00,15975.00],
  [7475.00,15875.00],
  [7325.00,15975.00],
  [7297.00,15853.00],
  [7028.00,15970.00],
  [6925.00,15975.00],
  [6725.00,15975.00],
  [6675.00,15625.00],
  [6675.00,15525.00],
  [6675.00,15425.00],
  [6675.00,15325.00],
  [6675.00,15225.00],
  [6675.00,15125.00],
  [6675.00,15025.00],
  [6775.00,14975.00],
  [6675.00,14861.00],
  [6675.00,14860.00],
  [6676.00,14710.00],
  [6675.00,14710.00],
  [6675.00,14560.00],
  [6676.00,14559.00],
  [6675.00,14410.00],
  [6676.00,14409.00],
  [6675.00,14225.00],
  [6675.00,14025.00],
  [6675.00,13825.00],
  [6825.00,13825.00],
  [6825.00,13675.00],
  [6675.00,13675.00],
  [6675.00,13525.00],
  [7075.00,13150.00],
  [7175.00,13175.00],
  [7075.00,13350.00],
  [7175.00,13575.00],
  [7025.00,13825.00],
  [7025.00,13975.00],
  [7175.00,13925.00],
  [7325.00,13925.00],
  [7175.00,14125.00],
  [7075.00,14225.00],
  [7275.00,14225.00],
  [7375.00,14425.00],
  [7425.00,14575.00],
  [7475.00,14675.00],
  [7275.00,14625.00],
  [7175.00,14725.00],
  [7075.00,14625.00],
  [7025.00,14775.00],
  [6875.00,14775.00],
  [6925.00,14875.00],
  [7075.00,14875.00],
  [7275.00,14975.00],
  [7450.00,14925.00],
  [7450.00,15025.00],
  [7575.00,15125.00],
  [7725.00,15125.00],
  [7675.00,15275.00],
  [7600.00,15375.00],
  [7700.00,15375.00],
  [7875.00,15275.00],
  [7875.00,15175.00],
  [7975.00,15225.00],
  [8075.00,15275.00],
  [8175.00,15225.00],
  [8175.00,15125.00],
  [8075.00,15125.00],
  [8025.00,14975.00],
  [7975.00,15075.00],
  [7875.00,15025.00],
  [7750.00,14900.00],
  [7900.00,14900.00],
  [7975.00,14725.00],
  [7975.00,14575.00],
  [8125.00,14575.00],
  [8225.00,14575.00],
  [8175.00,14725.00],
  [8275.00,14750.00],
  [8225.00,14975.00],
  [8375.00,15125.00],
  [8425.00,15375.00],
  [8525.00,15375.00],
  [8625.00,15475.00],
  [8725.00,15475.00],
  [8875.00,15525.00],
  [8875.00,15375.00],
  [8725.00,15325.00],
  [8775.00,15225.00],
  [8875.00,15225.00],
  [8875.00,15075.00],
  [8775.00,15025.00],
  [8625.00,14975.00],
  [8475.00,14975.00],
  [8475.00,14875.00],
  [8625.00,14875.00],
  [8625.00,14775.00],
  [8525.00,14725.00],
  [8625.00,14625.00],
  [8525.00,14575.00],
  [8375.00,14575.00],
  [8325.00,14475.00],
  [8425.00,14300.00],
  [8575.00,14300.00],
  [8850.00,14300.00],
  [8775.00,14225.00],
  [8825.00,14125.00],
  [8625.00,14125.00],
  [8425.00,14025.00],
  [8525.00,13925.00],
  [8425.00,13825.00],
  [8475.00,13600.00],
  [8625.00,13725.00],
  [8850.00,13725.00],
  [8850.00,13525.00],
  [8850.00,13125.00],
  [8674.00,13058.00],
  [8475.00,13200.00],
  [8275.00,13175.00],
  [8125.00,13275.00],
  [7975.00,13275.00],
  [7975.00,13175.00],
  [8125.00,12600.00],
  [8025.00,12600.00],
  [7925.00,12600.00],
  [7775.00,12600.00],
  [7625.00,12600.00],
  [7475.00,12600.00],
  [7500.00,12500.00],
  [7500.00,12400.00],
  [7425.00,12325.00],
  [7575.00,12325.00],
  [7675.00,12225.00],
  [7625.00,12125.00],
  [7775.00,12025.00],
  [7925.00,12125.00],
  [7875.00,12225.00],
  [7775.00,12175.00],
  [7775.00,12325.00],
  [7975.00,12325.00],
  [8250.00,12325.00],
  [8350.00,12525.00],
  [8350.00,12425.00],
  [8400.00,12325.00],
  [8375.00,12225.00],
  [8425.00,12125.00],
  [8550.00,12175.00],
  [8575.00,12325.00],
  [8625.00,12425.00],
  [8625.00,12525.00],
  [8775.00,12525.00],
  [8775.00,12425.00],
  [8875.00,12475.00],
  [8872.00,12354.00],
  [8900.00,12225.00],
  [8900.00,12075.00],
  [8775.00,12075.00],
  [8775.00,11925.00],
  [8775.00,11825.00],
  [8775.00,11725.00],
  [8775.00,11575.00],
  [8825.00,11475.00],
  [8675.00,11475.00],
  [8500.00,11325.00],
  [8400.00,11275.00],
  [8300.00,11325.00],
  [8400.00,11425.00],
  [8400.00,11550.00],
  [8400.00,11650.00],
  [8500.00,11825.00],
  [8625.00,11875.00],
  [8475.00,11925.00],
  [8325.00,11925.00],
  [8125.00,11725.00],
  [8225.00,11725.00],
  [8300.00,11675.00],
  [8300.00,11575.00],
  [8300.00,11475.00],
  [8225.00,11425.00],
  [8125.00,11425.00],
  [8025.00,11325.00],
  [7825.00,11325.00],
  [7725.00,11325.00],
  [7525.00,11325.00],
  [7425.00,11425.00],
  [7325.00,11425.00],
  [7250.00,11325.00],
  [7150.00,11275.00],
  [7050.00,11325.00],
  [7150.00,11425.00],
  [7250.00,11475.00],
  [7250.00,11575.00],
  [7150.00,11575.00],
  [7150.00,11675.00],
  [7250.00,11675.00],
  [7325.00,11750.00],
  [7425.00,11750.00],
  [7225.00,11925.00],
  [7075.00,11925.00],
  [7050.00,11825.00],
  [6975.00,11925.00],
  [7025.00,12075.00],
  [7125.00,12125.00],
  [7175.00,12225.00],
  [7025.00,12225.00],
  [6925.00,12175.00],
  [6925.00,12425.00],
  [6925.00,12575.00],
  [6925.00,12675.00],
  [6925.00,12825.00],
  [6665.00,12760.00],
  [6665.00,12610.00],
  [6665.00,12460.00],
  [6665.00,12310.00],
  [6665.00,12160.00],
  [6665.00,12010.00],
  [6825.00,11925.00],
  [6665.00,11860.00],
  [6665.00,11710.00],
  [6775.00,11650.00],
  [6850.00,11700.00],
  [6850.00,11600.00],
  [6775.00,11525.00],
  [6825.00,11425.00],
  [6725.00,11425.00],
  [6275.00,11475.00],
  [6225.00,11575.00],
  [6125.00,11475.00],
  [5950.00,11325.00],
  [5850.00,11425.00],
  [5750.00,11325.00],
  [5850.00,11275.00],
  [5825.00,11125.00],
  [5825.00,11025.00],
  [5925.00,11125.00],
  [6025.00,11075.00],
  [6025.00,10975.00],
  [6200.00,10975.00],
  [6300.00,10775.00],
  [6300.00,10625.00],
  [6300.00,10475.00],
  [6300.00,10375.00],
  [6275.00,10275.00],
  [6700.00,10425.00],
  [6700.00,10525.00],
  [6700.00,10625.00],
  [6700.00,10725.00],
  [6700.00,10850.00],
  [6725.00,11050.00],
  [6875.00,11025.00],
  [7000.00,11025.00],
  [7075.00,11125.00],
  [7175.00,11125.00],
  [7175.00,11025.00],
  [7550.00,11075.00],
  [7550.00,10875.00],
  [7550.00,10475.00],
  [8000.00,10475.00],
  [8000.00,10875.00],
  [8000.00,11075.00],
  [8375.00,11025.00],
  [8375.00,11125.00],
  [8475.00,11125.00],
  [8575.00,11075.00],
  [8575.00,10975.00],
  [8750.00,10975.00],
  [8850.00,10775.00],
  [8850.00,10625.00],
  [8850.00,10475.00],
  [8850.00,10375.00],
  [8825.00,10275.00],
  [9250.00,10425.00],
  [9250.00,10525.00],
  [9250.00,10625.00],
  [9250.00,10725.00],
  [9250.00,10850.00],
  [9275.00,11050.00],
  [9425.00,11025.00],
  [9550.00,11025.00],
  [9625.00,11125.00],
  [9725.00,11025.00],
  [9725.00,11125.00],
  [9700.00,11275.00],
  [9800.00,11325.00],
  [9700.00,11425.00],
  [9600.00,11325.00],
  [9375.00,11425.00],
  [9275.00,11425.00],
  [9325.00,11525.00],
  [9400.00,11600.00],
  [9400.00,11700.00],
  [9325.00,11650.00],
  [9215.00,11710.00],
  [9215.00,11860.00],
  [9375.00,11925.00],
  [9215.00,12010.00],
  [9215.00,12160.00],
  [9215.00,12310.00],
  [9215.00,12460.00],
  [9215.00,12610.00],
  [9215.00,12760.00],
  [9475.00,12825.00],
  [9475.00,12675.00],
  [9475.00,12575.00],
  [9475.00,12425.00],
  [9475.00,12175.00],
  [9575.00,12225.00],
  [9725.00,12225.00],
  [9675.00,12125.00],
  [9575.00,12075.00],
  [9525.00,11925.00],
  [9600.00,11825.00],
  [9625.00,11925.00],
  [9775.00,11925.00],
  [9975.00,11750.00],
  [9875.00,11750.00],
  [9800.00,11675.00],
  [9700.00,11675.00],
  [9700.00,11575.00],
  [9800.00,11575.00],
  [9800.00,11475.00],
  [9875.00,11425.00],
  [9975.00,11425.00],
  [10075.00,11325.00],
  [10100.00,11075.00],
  [10100.00,10875.00],
  [10100.00,10475.00],
  [10550.00,10475.00],
  [10848.00,10075.00],
  [10575.00,10075.00],
  [10437.00,9801.00],
  [10435.00,9702.00],
  [10435.00,9601.00],
  [10436.00,9502.00],
  [10436.00,9399.00],
  [10436.00,9298.00],
  [10175.00,9325.00],
  [10175.00,9425.00],
  [10175.00,9525.00],
  [10175.00,9725.00],
  [10175.00,9825.00],
  [10075.00,10075.00],
  [9800.00,10075.00],
  [9525.00,10075.00],
  [9375.00,10125.00],
  [9290.00,9806.00],
  [9289.00,9706.00],
  [9289.00,9606.00],
  [9290.00,9505.00],
  [9290.00,9406.00],
  [9289.00,9306.00],
  [8775.00,9325.00],
  [8775.00,9425.00],
  [8775.00,9525.00],
  [8775.00,9725.00],
  [8775.00,9825.00],
  [8825.00,10075.00],
  [8575.00,10075.00],
  [8298.00,10075.00],
  [8025.00,10075.00],
  [7887.00,9801.00],
  [7885.00,9702.00],
  [7885.00,9601.00],
  [7886.00,9502.00],
  [7886.00,9399.00],
  [7886.00,9298.00],
  [7625.00,9325.00],
  [7625.00,9425.00],
  [7625.00,9525.00],
  [7625.00,9725.00],
  [7625.00,9825.00],
  [7525.00,10075.00],
  [7250.00,10075.00],
  [6975.00,10075.00],
  [6825.00,10125.00],
  [6740.00,9806.00],
  [6739.00,9706.00],
  [6739.00,9606.00],
  [6740.00,9505.00],
  [6740.00,9406.00],
  [6739.00,9306.00],
  [7028.00,8820.00],
  [6925.00,8825.00],
  [6725.00,8825.00],
  [6675.00,8475.00],
  [6675.00,8375.00],
  [6675.00,8275.00],
  [6675.00,8175.00],
  [6675.00,8075.00],
  [6675.00,7975.00],
  [6675.00,7875.00],
  [6775.00,7825.00],
  [6675.00,7711.00],
  [6675.00,7710.00],
  [6676.00,7560.00],
  [6675.00,7560.00],
  [6675.00,7410.00],
  [6676.00,7409.00],
  [6675.00,7260.00],
  [6676.00,7259.00],
  [6675.00,7075.00],
  [6675.00,6875.00],
  [6675.00,6675.00],
  [6825.00,6675.00],
  [6825.00,6525.00],
  [6675.00,6525.00],
  [6675.00,6375.00],
  [7075.00,6000.00],
  [7175.00,6025.00],
  [7075.00,6200.00],
  [7175.00,6425.00],
  [7025.00,6675.00],
  [7025.00,6825.00],
  [7175.00,6775.00],
  [7325.00,6775.00],
  [7175.00,6975.00],
  [7075.00,7075.00],
  [7275.00,7075.00],
  [7375.00,7275.00],
  [7425.00,7425.00],
  [7475.00,7525.00],
  [7275.00,7475.00],
  [7175.00,7575.00],
  [7075.00,7475.00],
  [7025.00,7625.00],
  [6875.00,7625.00],
  [6925.00,7725.00],
  [7075.00,7725.00],
  [7275.00,7825.00],
  [7450.00,7775.00],
  [7450.00,7875.00],
  [7575.00,7975.00],
  [7725.00,7975.00],
  [7675.00,8125.00],
  [7600.00,8225.00],
  [7700.00,8225.00],
  [7700.00,8375.00],
  [7700.00,8475.00],
  [7550.00,8575.00],
  [7475.00,8725.00],
  [7297.00,8703.00],
  [7325.00,8825.00],
  [7525.00,8825.00],
  [7625.00,8725.00],
  [7700.00,8625.00],
  [7925.00,8775.00],
  [8025.00,8775.00],
  [8125.00,8775.00],
  [8225.00,8775.00],
  [8375.00,8775.00],
  [8325.00,8625.00],
  [8425.00,8575.00],
  [8325.00,8525.00],
  [8425.00,8225.00],
  [8525.00,8225.00],
  [8625.00,8325.00],
  [8725.00,8325.00],
  [8725.00,8425.00],
  [8625.00,8475.00],
  [8800.00,8775.00],
  [8900.00,8675.00],
  [8800.00,8575.00],
  [8875.00,8375.00],
  [8875.00,8225.00],
  [8725.00,8175.00],
  [8775.00,8075.00],
  [8875.00,8075.00],
  [8875.00,7925.00],
  [8775.00,7875.00],
  [8625.00,7825.00],
  [8625.00,7725.00],
  [8625.00,7625.00],
  [8625.00,7475.00],
  [8525.00,7425.00],
  [8525.00,7575.00],
  [8475.00,7725.00],
  [8475.00,7825.00],
  [8375.00,7975.00],
  [8225.00,7825.00],
  [8025.00,7825.00],
  [7975.00,7925.00],
  [8075.00,7975.00],
  [8175.00,7975.00],
  [8175.00,8075.00],
  [8075.00,8125.00],
  [7975.00,8075.00],
  [7875.00,8125.00],
  [7875.00,8025.00],
  [7875.00,7875.00],
  [7750.00,7750.00],
  [7900.00,7750.00],
  [7975.00,7575.00],
  [7975.00,7425.00],
  [8125.00,7425.00],
  [8225.00,7425.00],
  [8175.00,7575.00],
  [8275.00,7600.00],
  [8375.00,7425.00],
  [8325.00,7325.00],
  [8425.00,7150.00],
  [8575.00,7150.00],
  [8850.00,7150.00],
  [8775.00,7075.00],
  [8825.00,6975.00],
  [8625.00,6975.00],
  [8425.00,6875.00],
  [8525.00,6775.00],
  [8425.00,6675.00],
  [8475.00,6450.00],
  [8625.00,6575.00],
  [8850.00,6575.00],
  [8850.00,6375.00],
  [8850.00,5975.00],
  [8674.00,5908.00],
  [8475.00,6050.00],
  [8275.00,6025.00],
  [8125.00,6125.00],
  [7975.00,6125.00],
  [7975.00,6025.00],
  [8125.00,5450.00],
  [8025.00,5450.00],
  [7925.00,5450.00],
  [7775.00,5450.00],
  [7625.00,5450.00],
  [7475.00,5450.00],
  [7500.00,5350.00],
  [7500.00,5250.00],
  [7425.00,5175.00],
  [7575.00,5175.00],
  [7675.00,5075.00],
  [7625.00,4975.00],
  [7775.00,4875.00],
  [7925.00,4975.00],
  [7875.00,5075.00],
  [7775.00,5025.00],
  [7775.00,5175.00],
  [7975.00,5175.00],
  [8250.00,5175.00],
  [8350.00,5375.00],
  [8350.00,5275.00],
  [8400.00,5175.00],
  [8375.00,5075.00],
  [8425.00,4975.00],
  [8550.00,5025.00],
  [8575.00,5175.00],
  [8625.00,5275.00],
  [8625.00,5375.00],
  [8775.00,5375.00],
  [8775.00,5275.00],
  [8875.00,5325.00],
  [8872.00,5204.00],
  [8900.00,5075.00],
  [8900.00,4925.00],
  [8775.00,4925.00],
  [8775.00,4775.00],
  [8775.00,4675.00],
  [8775.00,4575.00],
  [8625.00,4725.00],
  [8500.00,4675.00],
  [8475.00,4775.00],
  [8325.00,4775.00],
  [8125.00,4575.00],
  [8225.00,4575.00],
  [8300.00,4525.00],
  [8400.00,4500.00],
  [8400.00,4400.00],
  [8300.00,4425.00],
  [8300.00,4325.00],
  [8225.00,4275.00],
  [8125.00,4275.00],
  [8025.00,4175.00],
  [8000.00,3925.00],
  [8000.00,3725.00],
  [8000.00,3325.00],
  [7550.00,3325.00],
  [7550.00,3725.00],
  [7550.00,3925.00],
  [7825.00,4175.00],
  [7725.00,4175.00],
  [7525.00,4175.00],
  [7425.00,4275.00],
  [7325.00,4275.00],
  [7250.00,4325.00],
  [7250.00,4425.00],
  [7150.00,4425.00],
  [7150.00,4525.00],
  [7250.00,4525.00],
  [7325.00,4600.00],
  [7425.00,4600.00],
  [7225.00,4775.00],
  [7075.00,4775.00],
  [7050.00,4675.00],
  [6975.00,4775.00],
  [7025.00,4925.00],
  [7125.00,4975.00],
  [7175.00,5075.00],
  [7025.00,5075.00],
  [6925.00,5025.00],
  [6925.00,5275.00],
  [6925.00,5425.00],
  [6925.00,5525.00],
  [6925.00,5675.00],
  [6665.00,5610.00],
  [6665.00,5460.00],
  [6665.00,5310.00],
  [6665.00,5160.00],
  [6665.00,5010.00],
  [6665.00,4860.00],
  [6825.00,4775.00],
  [6665.00,4710.00],
  [6665.00,4560.00],
  [6775.00,4500.00],
  [6850.00,4550.00],
  [6850.00,4450.00],
  [6775.00,4375.00],
  [6725.00,4275.00],
  [6825.00,4275.00],
  [7050.00,4175.00],
  [7150.00,4275.00],
  [7250.00,4175.00],
  [7150.00,4125.00],
  [7175.00,3975.00],
  [7175.00,3875.00],
  [7075.00,3975.00],
  [7000.00,3875.00],
  [6875.00,3875.00],
  [6725.00,3900.00],
  [6700.00,3700.00],
  [6700.00,3575.00],
  [6700.00,3475.00],
  [6700.00,3375.00],
  [6700.00,3275.00],
  [6275.00,3125.00],
  [6300.00,3225.00],
  [6300.00,3325.00],
  [6300.00,3475.00],
  [6300.00,3625.00],
  [6200.00,3825.00],
  [6025.00,3825.00],
  [6025.00,3925.00],
  [5925.00,3975.00],
  [5825.00,3975.00],
  [5825.00,3875.00],
  [5450.00,3925.00],
  [5450.00,3725.00],
  [5450.00,3325.00],
  [5000.00,3325.00],
  [5000.00,3725.00],
  [5000.00,3925.00],
  [4625.00,3875.00],
  [4625.00,3975.00],
  [4525.00,3975.00],
  [4450.00,3875.00],
  [4325.00,3875.00],
  [4175.00,3900.00],
  [4150.00,3700.00],
  [4150.00,3575.00],
  [4150.00,3475.00],
  [4150.00,3375.00],
  [4150.00,3275.00],
  [3725.00,3125.00],
  [3750.00,3225.00],
  [3750.00,3325.00],
  [3750.00,3475.00],
  [3750.00,3625.00],
  [3650.00,3825.00],
  [3475.00,3825.00],
  [3475.00,3925.00],
  [3375.00,3975.00],
  [3275.00,3875.00],
  [3275.00,3975.00],
  [3300.00,4125.00],
  [3200.00,4175.00],
  [3300.00,4275.00],
  [3400.00,4175.00],
  [3575.00,4325.00],
  [3675.00,4425.00],
  [3725.00,4325.00],
  [4175.00,4275.00],
  [4275.00,4275.00],
  [4225.00,4375.00],
  [4300.00,4450.00],
  [4300.00,4550.00],
  [4225.00,4500.00],
  [4115.00,4560.00],
  [4115.00,4710.00],
  [4275.00,4775.00],
  [4115.00,4860.00],
  [4115.00,5010.00],
  [4115.00,5160.00],
  [4115.00,5310.00],
  [4115.00,5460.00],
  [4115.00,5610.00],
  [4375.00,5675.00],
  [4375.00,5525.00],
  [4375.00,5425.00],
  [4375.00,5275.00],
  [4375.00,5025.00],
  [4475.00,5075.00],
  [4625.00,5075.00],
  [4575.00,4975.00],
  [4475.00,4925.00],
  [4425.00,4775.00],
  [4500.00,4675.00],
  [4525.00,4775.00],
  [4675.00,4775.00],
  [4875.00,4600.00],
  [4775.00,4600.00],
  [4700.00,4525.00],
  [4600.00,4525.00],
  [4600.00,4425.00],
  [4700.00,4425.00],
  [4700.00,4325.00],
  [4600.00,4275.00],
  [4500.00,4175.00],
  [4600.00,4125.00],
  [4700.00,4175.00],
  [4775.00,4275.00],
  [4875.00,4275.00],
  [4975.00,4175.00],
  [5175.00,4175.00],
  [5275.00,4175.00],
  [5475.00,4175.00],
  [5575.00,4275.00],
  [5675.00,4275.00],
  [5750.00,4325.00],
  [5750.00,4425.00],
  [5750.00,4525.00],
  [5675.00,4575.00],
  [5575.00,4575.00],
  [5775.00,4775.00],
  [5925.00,4775.00],
  [6075.00,4725.00],
  [5950.00,4675.00],
  [5850.00,4500.00],
  [5850.00,4400.00],
  [5850.00,4275.00],
  [5750.00,4175.00],
  [5850.00,4125.00],
  [5950.00,4175.00],
  [6125.00,4325.00],
  [6275.00,4325.00],
  [6225.00,4425.00],
  [6225.00,4575.00],
  [6225.00,4675.00],
  [6225.00,4775.00],
  [6225.00,4925.00],
  [6350.00,4925.00],
  [6350.00,5075.00],
  [6322.00,5204.00],
  [6325.00,5325.00],
  [6225.00,5275.00],
  [6225.00,5375.00],
  [6075.00,5375.00],
  [6075.00,5275.00],
  [6025.00,5175.00],
  [6000.00,5025.00],
  [5875.00,4975.00],
  [5825.00,5075.00],
  [5850.00,5175.00],
  [5800.00,5275.00],
  [5800.00,5375.00],
  [5700.00,5175.00],
  [5425.00,5175.00],
  [5325.00,5075.00],
  [5375.00,4975.00],
  [5225.00,4875.00],
  [5075.00,4975.00],
  [5125.00,5075.00],
  [5225.00,5025.00],
  [5225.00,5175.00],
  [5025.00,5175.00],
  [4875.00,5175.00],
  [4950.00,5250.00],
  [4950.00,5350.00],
  [4925.00,5450.00],
  [5075.00,5450.00],
  [5225.00,5450.00],
  [5375.00,5450.00],
  [5475.00,5450.00],
  [5575.00,5450.00],
  [5425.00,6025.00],
  [5425.00,6125.00],
  [5575.00,6125.00],
  [5725.00,6025.00],
  [5925.00,6050.00],
  [6124.00,5908.00],
  [6300.00,5975.00],
  [6300.00,6375.00],
  [6300.00,6575.00],
  [6075.00,6575.00],
  [5925.00,6450.00],
  [5875.00,6675.00],
  [5975.00,6775.00],
  [5875.00,6875.00],
  [6075.00,6975.00],
  [6275.00,6975.00],
  [6225.00,7075.00],
  [6300.00,7150.00],
  [6025.00,7150.00],
  [5875.00,7150.00],
  [5775.00,7325.00],
  [5825.00,7425.00],
  [5975.00,7425.00],
  [6075.00,7475.00],
  [5975.00,7575.00],
  [6075.00,7625.00],
  [6075.00,7725.00],
  [5925.00,7725.00],
  [5925.00,7825.00],
  [6075.00,7825.00],
  [6225.00,7875.00],
  [6325.00,7925.00],
  [6325.00,8075.00],
  [6225.00,8075.00],
  [6175.00,8175.00],
  [6325.00,8225.00],
  [6325.00,8375.00],
  [6175.00,8325.00],
  [6075.00,8325.00],
  [5975.00,8225.00],
  [5875.00,8225.00],
  [5825.00,7975.00],
  [5675.00,7825.00],
  [5725.00,7600.00],
  [5625.00,7575.00],
  [5675.00,7425.00],
  [5575.00,7425.00],
  [5425.00,7425.00],
  [5425.00,7575.00],
  [5350.00,7750.00],
  [5200.00,7750.00],
  [5325.00,7875.00],
  [5475.00,7825.00],
  [5425.00,7925.00],
  [5525.00,7975.00],
  [5625.00,7975.00],
  [5625.00,8075.00],
  [5525.00,8125.00],
  [5425.00,8075.00],
  [5325.00,8025.00],
  [5325.00,8125.00],
  [5150.00,8225.00],
  [5050.00,8225.00],
  [5125.00,8125.00],
  [5175.00,7975.00],
  [5025.00,7975.00],
  [4900.00,7875.00],
  [4900.00,7775.00],
  [4725.00,7825.00],
  [4525.00,7725.00],
  [4375.00,7725.00],
  [4325.00,7625.00],
  [4475.00,7625.00],
  [4525.00,7475.00],
  [4625.00,7575.00],
  [4725.00,7475.00],
  [4925.00,7525.00],
  [4875.00,7425.00],
  [4825.00,7275.00],
  [4725.00,7075.00],
  [4525.00,7075.00],
  [4625.00,6975.00],
  [4775.00,6775.00],
  [4625.00,6775.00],
  [4475.00,6825.00],
  [4475.00,6675.00],
  [4625.00,6425.00],
  [4525.00,6200.00],
  [4625.00,6025.00],
  [4525.00,6000.00],
  [4125.00,6375.00],
  [4125.00,6525.00],
  [4275.00,6525.00],
  [4275.00,6675.00],
  [4125.00,6675.00],
  [4125.00,6875.00],
  [4125.00,7075.00],
  [4126.00,7259.00],
  [4125.00,7260.00],
  [4126.00,7409.00],
  [4125.00,7410.00],
  [4125.00,7560.00],
  [4126.00,7560.00],
  [4125.00,7710.00],
  [4125.00,7711.00],
  [4225.00,7825.00],
  [4125.00,7875.00],
  [4125.00,7975.00],
  [4125.00,8075.00],
  [4125.00,8175.00],
  [4125.00,8275.00],
  [4125.00,8375.00],
  [4125.00,8475.00],
  [4175.00,8825.00],
  [4375.00,8825.00],
  [4478.00,8820.00],
  [4747.00,8703.00],
  [4775.00,8825.00],
  [4925.00,8725.00],
  [4975.00,8825.00],
  [5075.00,8725.00],
  [5000.00,8575.00],
  [5150.00,8375.00],
  [5150.00,8475.00],
  [5150.00,8625.00],
  [5375.00,8775.00],
  [5475.00,8775.00],
  [5575.00,8775.00],
  [5675.00,8775.00],
  [5825.00,8775.00],
  [5775.00,8625.00],
  [5775.00,8525.00],
  [5875.00,8575.00],
  [6075.00,8475.00],
  [6175.00,8425.00],
  [6250.00,8575.00],
  [6350.00,8675.00],
  [6250.00,8775.00],
  [6225.00,9325.00],
  [6225.00,9425.00],
  [6225.00,9525.00],
  [6225.00,9725.00],
  [6225.00,9825.00],
  [6275.00,10075.00],
  [6025.00,10075.00],
  [5748.00,10075.00],
  [5475.00,10075.00],
  [5337.00,9801.00],
  [5335.00,9702.00],
  [5335.00,9601.00],
  [5336.00,9502.00],
  [5336.00,9399.00],
  [5336.00,9298.00],
  [5075.00,9325.00],
  [5075.00,9425.00],
  [5075.00,9525.00],
  [5075.00,9725.00],
  [5075.00,9825.00],
  [4975.00,10075.00],
  [4700.00,10075.00],
  [4425.00,10075.00],
  [4275.00,10125.00],
  [4190.00,9806.00],
  [4189.00,9706.00],
  [4189.00,9606.00],
  [4190.00,9505.00],
  [4190.00,9406.00],
  [4189.00,9306.00],
  [3675.00,9325.00],
  [3675.00,9425.00],
  [3675.00,9525.00],
  [3675.00,9725.00],
  [3675.00,9825.00],
  [3725.00,10075.00],
  [3475.00,10075.00],
  [3198.00,10075.00],
  [2925.00,10075.00],
  [2787.00,9801.00],
  [2785.00,9702.00],
  [2785.00,9601.00],
  [2786.00,9502.00],
  [2786.00,9399.00],
  [2786.00,9298.00],
  [2525.00,9325.00],
  [2525.00,9425.00],
  [2525.00,9525.00],
  [2525.00,9725.00],
  [2525.00,9825.00],
  [2425.00,10075.00],
  [2150.00,10075.00],
  [2450.00,10475.00],
  [2900.00,10475.00],
  [2900.00,10875.00],
  [2900.00,11075.00],
  [3275.00,11025.00],
  [3275.00,11125.00],
  [3375.00,11125.00],
  [3475.00,11075.00],
  [3475.00,10975.00],
  [3650.00,10975.00],
  [3750.00,10775.00],
  [3750.00,10625.00],
  [3750.00,10475.00],
  [3750.00,10375.00],
  [3725.00,10275.00],
  [4150.00,10425.00],
  [4150.00,10525.00],
  [4150.00,10625.00],
  [4150.00,10725.00],
  [4150.00,10850.00],
  [4175.00,11050.00],
  [4325.00,11025.00],
  [4450.00,11025.00],
  [4525.00,11125.00],
  [4625.00,11025.00],
  [4625.00,11125.00],
  [4600.00,11275.00],
  [4700.00,11325.00],
  [4600.00,11425.00],
  [4500.00,11325.00],
  [4275.00,11425.00],
  [4175.00,11425.00],
  [4225.00,11525.00],
  [4300.00,11600.00],
  [4300.00,11700.00],
  [4225.00,11650.00],
  [4115.00,11710.00],
  [4115.00,11860.00],
  [4275.00,11925.00],
  [4115.00,12010.00],
  [4115.00,12160.00],
  [4115.00,12310.00],
  [4115.00,12460.00],
  [4115.00,12610.00],
  [4115.00,12760.00],
  [4375.00,12825.00],
  [4375.00,12675.00],
  [4375.00,12575.00],
  [4375.00,12425.00],
  [4375.00,12175.00],
  [4475.00,12225.00],
  [4625.00,12225.00],
  [4575.00,12125.00],
  [4475.00,12075.00],
  [4425.00,11925.00],
  [4500.00,11825.00],
  [4525.00,11925.00],
  [4675.00,11925.00],
  [4875.00,11750.00],
  [4775.00,11750.00],
  [4700.00,11675.00],
  [4600.00,11675.00],
  [4600.00,11575.00],
  [4700.00,11575.00],
  [4700.00,11475.00],
  [4775.00,11425.00],
  [4875.00,11425.00],
  [4975.00,11325.00],
  [5175.00,11325.00],
  [5275.00,11325.00],
  [5000.00,11075.00],
  [5000.00,10875.00],
  [5000.00,10475.00],
  [5450.00,10475.00],
  [5450.00,10875.00],
  [5450.00,11075.00],
  [5475.00,11325.00],
  [5575.00,11425.00],
  [5675.00,11425.00],
  [5750.00,11475.00],
  [5750.00,11575.00],
  [5850.00,11550.00],
  [5850.00,11650.00],
  [5750.00,11675.00],
  [5675.00,11725.00],
  [5575.00,11725.00],
  [5775.00,11925.00],
  [5925.00,11925.00],
  [5950.00,11825.00],
  [6075.00,11875.00],
  [6225.00,11725.00],
  [6225.00,11825.00],
  [6225.00,11925.00],
  [6225.00,12075.00],
  [6350.00,12075.00],
  [6350.00,12225.00],
  [6322.00,12354.00],
  [6325.00,12475.00],
  [6225.00,12425.00],
  [6225.00,12525.00],
  [6075.00,12525.00],
  [6075.00,12425.00],
  [6025.00,12325.00],
  [6000.00,12175.00],
  [5875.00,12125.00],
  [5825.00,12225.00],
  [5850.00,12325.00],
  [5800.00,12425.00],
  [5800.00,12525.00],
  [5700.00,12325.00],
  [5425.00,12325.00],
  [5325.00,12225.00],
  [5375.00,12125.00],
  [5225.00,12025.00],
  [5075.00,12125.00],
  [5125.00,12225.00],
  [5225.00,12175.00],
  [5225.00,12325.00],
  [5025.00,12325.00],
  [4875.00,12325.00],
  [4950.00,12400.00],
  [4950.00,12500.00],
  [4925.00,12600.00],
  [5075.00,12600.00],
  [5225.00,12600.00],
  [5375.00,12600.00],
  [5475.00,12600.00],
  [5575.00,12600.00],
  [5425.00,13175.00],
  [5425.00,13275.00],
  [5575.00,13275.00],
  [5725.00,13175.00],
  [5925.00,13200.00],
  [6124.00,13058.00],
  [6300.00,13125.00],
  [6300.00,13525.00],
  [6300.00,13725.00],
  [6075.00,13725.00],
  [5925.00,13600.00],
  [5875.00,13825.00],
  [5975.00,13925.00],
  [5875.00,14025.00],
  [6075.00,14125.00],
  [6275.00,14125.00],
  [6225.00,14225.00],
  [6300.00,14300.00],
  [6025.00,14300.00],
  [5875.00,14300.00],
  [5775.00,14475.00],
  [5825.00,14575.00],
  [5725.00,14750.00],
  [5625.00,14725.00],
  [5675.00,14575.00],
  [5575.00,14575.00],
  [5425.00,14575.00],
  [5425.00,14725.00],
  [5350.00,14900.00],
  [5200.00,14900.00],
  [5325.00,15025.00],
  [5325.00,15175.00],
  [5325.00,15275.00],
  [5425.00,15225.00],
  [5525.00,15275.00],
  [5625.00,15225.00],
  [5625.00,15125.00],
  [5525.00,15125.00],
  [5425.00,15075.00],
  [5475.00,14975.00],
  [5675.00,14975.00],
  [5825.00,15125.00],
  [5925.00,14975.00],
  [5925.00,14875.00],
  [5975.00,14725.00],
  [5975.00,14575.00],
  [6075.00,14625.00],
  [6075.00,14775.00],
  [6075.00,14875.00],
  [6075.00,14975.00],
  [6225.00,15025.00],
  [6325.00,15075.00],
  [6325.00,15225.00],
  [6225.00,15225.00],
  [6175.00,15325.00],
  [6325.00,15375.00],
  [6325.00,15525.00],
  [6250.00,15725.00],
  [6350.00,15825.00],
  [6250.00,15925.00],
  [6075.00,15625.00],
  [6175.00,15575.00],
  [6175.00,15475.00],
  [6075.00,15475.00],
  [5975.00,15375.00],
  [5875.00,15375.00],
  [5775.00,15675.00],
  [5875.00,15725.00],
  [5775.00,15775.00],
  [5825.00,15925.00],
  [5675.00,15925.00],
  [5575.00,15925.00],
  [5475.00,15925.00],
  [5375.00,15925.00],
  [5150.00,15775.00],
  [5075.00,15875.00],
  [4975.00,15975.00],
  [4775.00,15975.00],
  [4747.00,15853.00],
  [4925.00,15875.00],
  [5000.00,15725.00],
  [5150.00,15625.00],
  [5150.00,15525.00],
  [5150.00,15375.00],
  [5050.00,15375.00],
  [5125.00,15275.00],
  [5175.00,15125.00],
  [5025.00,15125.00],
  [4900.00,15025.00],
  [4900.00,14925.00],
  [4725.00,14975.00],
  [4525.00,14875.00],
  [4375.00,14875.00],
  [4325.00,14775.00],
  [4475.00,14775.00],
  [4525.00,14625.00],
  [4625.00,14725.00],
  [4725.00,14625.00],
  [4925.00,14675.00],
  [4875.00,14575.00],
  [4825.00,14425.00],
  [4725.00,14225.00],
  [4525.00,14225.00],
  [4625.00,14125.00],
  [4775.00,13925.00],
  [4625.00,13925.00],
  [4475.00,13975.00],
  [4475.00,13825.00],
  [4625.00,13575.00],
  [4525.00,13350.00],
  [4625.00,13175.00],
  [4525.00,13150.00],
  [4125.00,13525.00],
  [4125.00,13675.00],
  [4275.00,13675.00],
  [4275.00,13825.00],
  [4125.00,13825.00],
  [4125.00,14025.00],
  [4125.00,14225.00],
  [4126.00,14409.00],
  [4125.00,14410.00],
  [4126.00,14559.00],
  [4125.00,14560.00],
  [4125.00,14710.00],
  [4126.00,14710.00],
  [4125.00,14860.00],
  [4125.00,14861.00],
  [4225.00,14975.00],
  [4125.00,15025.00],
  [4125.00,15125.00],
  [4125.00,15225.00],
  [4125.00,15325.00],
  [4125.00,15425.00],
  [4125.00,15525.00],
  [4125.00,15625.00],
  [4478.00,15970.00],
  [4375.00,15975.00],
  [4175.00,15975.00],
  [3800.00,15825.00],
  [3700.00,15925.00],
  [3700.00,15725.00],
  [3625.00,15575.00],
  [3525.00,15625.00],
  [3325.00,15725.00],
  [3225.00,15675.00],
  [3225.00,15775.00],
  [3275.00,15925.00],
  [3125.00,15925.00],
  [3025.00,15925.00],
  [2925.00,15925.00],
  [2825.00,15925.00],
  [2600.00,15775.00],
  [2600.00,15625.00],
  [2600.00,15525.00],
  [2450.00,15725.00],
  [2525.00,15875.00],
  [2425.00,15975.00],
  [2375.00,15875.00],
  [2225.00,15975.00],
  [2197.00,15853.00],
  [1928.00,15970.00],
  [1825.00,15975.00],
  [1625.00,15975.00],
  [1575.00,15625.00],
  [1575.00,15525.00],
  [1575.00,15425.00],
  [1575.00,15325.00],
  [1575.00,15225.00],
  [1575.00,15125.00],
  [1575.00,15025.00],
  [1675.00,14975.00],
  [1575.00,14861.00],
  [1575.00,14860.00],
  [1575.00,14710.00],
  [1576.00,14710.00],
  [1575.00,14560.00],
  [1576.00,14559.00],
  [1575.00,14410.00],
  [1576.00,14409.00],
  [1575.00,14225.00],
  [1575.00,14025.00],
  [1575.00,13825.00],
  [1725.00,13825.00],
  [1725.00,13675.00],
  [1575.00,13675.00],
  [1575.00,13525.00],
  [1975.00,13150.00],
  [2075.00,13175.00],
  [1975.00,13350.00],
  [2075.00,13575.00],
  [1925.00,13825.00],
  [1925.00,13975.00],
  [2075.00,13925.00],
  [2225.00,13925.00],
  [2075.00,14125.00],
  [1975.00,14225.00],
  [2175.00,14225.00],
  [2275.00,14425.00],
  [2325.00,14575.00],
  [2375.00,14675.00],
  [2175.00,14625.00],
  [2075.00,14725.00],
  [1975.00,14625.00],
  [1925.00,14775.00],
  [1775.00,14775.00],
  [1825.00,14875.00],
  [1975.00,14875.00],
  [2175.00,14975.00],
  [2350.00,14925.00],
  [2350.00,15025.00],
  [2475.00,15125.00],
  [2625.00,15125.00],
  [2575.00,15275.00],
  [2500.00,15375.00],
  [2600.00,15375.00],
  [2775.00,15275.00],
  [2775.00,15175.00],
  [2875.00,15225.00],
  [2975.00,15275.00],
  [3075.00,15225.00],
  [3075.00,15125.00],
  [2975.00,15125.00],
  [2925.00,14975.00],
  [2875.00,15075.00],
  [2775.00,15025.00],
  [2650.00,14900.00],
  [2800.00,14900.00],
  [2875.00,14725.00],
  [2875.00,14575.00],
  [3025.00,14575.00],
  [3125.00,14575.00],
  [3075.00,14725.00],
  [3175.00,14750.00],
  [3125.00,14975.00],
  [3275.00,15125.00],
  [3325.00,15375.00],
  [3425.00,15375.00],
  [3525.00,15475.00],
  [3625.00,15475.00],
  [3775.00,15525.00],
  [3775.00,15375.00],
  [3625.00,15325.00],
  [3675.00,15225.00],
  [3775.00,15225.00],
  [3775.00,15075.00],
  [3675.00,15025.00],
  [3525.00,14975.00],
  [3375.00,14975.00],
  [3375.00,14875.00],
  [3525.00,14875.00],
  [3525.00,14775.00],
  [3425.00,14725.00],
  [3525.00,14625.00],
  [3425.00,14575.00],
  [3275.00,14575.00],
  [3225.00,14475.00],
  [3325.00,14300.00],
  [3475.00,14300.00],
  [3750.00,14300.00],
  [3675.00,14225.00],
  [3725.00,14125.00],
  [3525.00,14125.00],
  [3325.00,14025.00],
  [3425.00,13925.00],
  [3325.00,13825.00],
  [3375.00,13600.00],
  [3525.00,13725.00],
  [3750.00,13725.00],
  [3750.00,13525.00],
  [3750.00,13125.00],
  [3574.00,13058.00],
  [3375.00,13200.00],
  [3175.00,13175.00],
  [3025.00,13275.00],
  [2875.00,13275.00],
  [2875.00,13175.00],
  [3025.00,12600.00],
  [2925.00,12600.00],
  [2825.00,12600.00],
  [2675.00,12600.00],
  [2525.00,12600.00],
  [2375.00,12600.00],
  [2400.00,12500.00],
  [2400.00,12400.00],
  [2325.00,12325.00],
  [2475.00,12325.00],
  [2575.00,12225.00],
  [2525.00,12125.00],
  [2675.00,12025.00],
  [2825.00,12125.00],
  [2775.00,12225.00],
  [2675.00,12175.00],
  [2675.00,12325.00],
  [2875.00,12325.00],
  [3150.00,12325.00],
  [3250.00,12525.00],
  [3250.00,12425.00],
  [3300.00,12325.00],
  [3275.00,12225.00],
  [3325.00,12125.00],
  [3450.00,12175.00],
  [3475.00,12325.00],
  [3525.00,12425.00],
  [3525.00,12525.00],
  [3675.00,12525.00],
  [3675.00,12425.00],
  [3775.00,12475.00],
  [3772.00,12354.00],
  [3800.00,12225.00],
  [3800.00,12075.00],
  [3675.00,12075.00],
  [3675.00,11925.00],
  [3675.00,11825.00],
  [3675.00,11725.00],
  [3675.00,11575.00],
  [3725.00,11475.00],
  [3575.00,11475.00],
  [3400.00,11325.00],
  [3300.00,11275.00],
  [3200.00,11325.00],
  [3300.00,11425.00],
  [3300.00,11550.00],
  [3300.00,11650.00],
  [3400.00,11825.00],
  [3525.00,11875.00],
  [3375.00,11925.00],
  [3225.00,11925.00],
  [3025.00,11725.00],
  [3125.00,11725.00],
  [3200.00,11675.00],
  [3200.00,11575.00],
  [3200.00,11475.00],
  [3125.00,11425.00],
  [3025.00,11425.00],
  [2925.00,11325.00],
  [2725.00,11325.00],
  [2625.00,11325.00],
  [2450.00,10875.00],
  [2450.00,11075.00],
  [2425.00,11325.00],
  [2325.00,11425.00],
  [2225.00,11425.00],
  [2150.00,11475.00],
  [2150.00,11575.00],
  [2050.00,11575.00],
  [2050.00,11675.00],
  [2150.00,11675.00],
  [2225.00,11750.00],
  [2325.00,11750.00],
  [2125.00,11925.00],
  [1975.00,11925.00],
  [1950.00,11825.00],
  [1875.00,11925.00],
  [1925.00,12075.00],
  [2025.00,12125.00],
  [2075.00,12225.00],
  [1925.00,12225.00],
  [1825.00,12175.00],
  [1825.00,12425.00],
  [1825.00,12575.00],
  [1825.00,12675.00],
  [1825.00,12825.00],
  [1565.00,12760.00],
  [1565.00,12610.00],
  [1565.00,12460.00],
  [1565.00,12310.00],
  [1565.00,12160.00],
  [1565.00,12010.00],
  [1725.00,11925.00],
  [1565.00,11860.00],
  [1565.00,11710.00],
  [1675.00,11650.00],
  [1750.00,11700.00],
  [1750.00,11600.00],
  [1675.00,11525.00],
  [1625.00,11425.00],
  [1725.00,11425.00],
  [1950.00,11325.00],
  [2050.00,11425.00],
  [2150.00,11325.00],
  [2050.00,11275.00],
  [2075.00,11125.00],
  [2075.00,11025.00],
  [1975.00,11125.00],
  [1900.00,11025.00],
  [1775.00,11025.00],
  [1625.00,11050.00],
  [1600.00,10850.00],
  [1600.00,10725.00],
  [1600.00,10625.00],
  [1600.00,10525.00],
  [1600.00,10425.00],
  [1725.00,10125.00],
  [1875.00,10075.00],
  [1640.00,9806.00],
  [1639.00,9706.00],
  [1639.00,9606.00],
  [1640.00,9505.00],
  [1640.00,9406.00],
  [1639.00,9306.00],
  [1928.00,8820.00],
  [1825.00,8825.00],
  [1625.00,8825.00],
  [1575.00,8475.00],
  [1575.00,8375.00],
  [1575.00,8275.00],
  [1575.00,8175.00],
  [1575.00,8075.00],
  [1575.00,7975.00],
  [1575.00,7875.00],
  [1675.00,7825.00],
  [1575.00,7711.00],
  [1575.00,7710.00],
  [1576.00,7560.00],
  [1575.00,7560.00],
  [1575.00,7410.00],
  [1576.00,7409.00],
  [1575.00,7260.00],
  [1576.00,7259.00],
  [1575.00,7075.00],
  [1575.00,6875.00],
  [1575.00,6675.00],
  [1725.00,6675.00],
  [1725.00,6525.00],
  [1575.00,6525.00],
  [1575.00,6375.00],
  [1975.00,6000.00],
  [2075.00,6025.00],
  [1975.00,6200.00],
  [2075.00,6425.00],
  [1925.00,6675.00],
  [1925.00,6825.00],
  [2075.00,6775.00],
  [2225.00,6775.00],
  [2075.00,6975.00],
  [1975.00,7075.00],
  [2175.00,7075.00],
  [2275.00,7275.00],
  [2325.00,7425.00],
  [2375.00,7525.00],
  [2175.00,7475.00],
  [2075.00,7575.00],
  [1975.00,7475.00],
  [1925.00,7625.00],
  [1775.00,7625.00],
  [1825.00,7725.00],
  [1975.00,7725.00],
  [2175.00,7825.00],
  [2350.00,7775.00],
  [2350.00,7875.00],
  [2475.00,7975.00],
  [2625.00,7975.00],
  [2575.00,8125.00],
  [2500.00,8225.00],
  [2600.00,8225.00],
  [2600.00,8375.00],
  [2600.00,8475.00],
  [2450.00,8575.00],
  [2375.00,8725.00],
  [2197.00,8703.00],
  [2225.00,8825.00],
  [2425.00,8825.00],
  [2525.00,8725.00],
  [2600.00,8625.00],
  [2825.00,8775.00],
  [2925.00,8775.00],
  [3025.00,8775.00],
  [3125.00,8775.00],
  [3275.00,8775.00],
  [3225.00,8625.00],
  [3325.00,8575.00],
  [3225.00,8525.00],
  [3325.00,8225.00],
  [3425.00,8225.00],
  [3525.00,8325.00],
  [3625.00,8325.00],
  [3625.00,8425.00],
  [3525.00,8475.00],
  [3700.00,8775.00],
  [3800.00,8675.00],
  [3700.00,8575.00],
  [3775.00,8375.00],
  [3775.00,8225.00],
  [3625.00,8175.00],
  [3675.00,8075.00],
  [3775.00,8075.00],
  [3775.00,7925.00],
  [3675.00,7875.00],
  [3525.00,7825.00],
  [3525.00,7725.00],
  [3525.00,7625.00],
  [3525.00,7475.00],
  [3425.00,7425.00],
  [3425.00,7575.00],
  [3375.00,7725.00],
  [3375.00,7825.00],
  [3275.00,7975.00],
  [3125.00,7825.00],
  [2925.00,7825.00],
  [2875.00,7925.00],
  [2975.00,7975.00],
  [3075.00,7975.00],
  [3075.00,8075.00],
  [2975.00,8125.00],
  [2875.00,8075.00],
  [2775.00,8125.00],
  [2775.00,8025.00],
  [2775.00,7875.00],
  [2650.00,7750.00],
  [2800.00,7750.00],
  [2875.00,7575.00],
  [2875.00,7425.00],
  [3025.00,7425.00],
  [3125.00,7425.00],
  [3075.00,7575.00],
  [3175.00,7600.00],
  [3275.00,7425.00],
  [3225.00,7325.00],
  [3325.00,7150.00],
  [3475.00,7150.00],
  [3750.00,7150.00],
  [3675.00,7075.00],
  [3725.00,6975.00],
  [3525.00,6975.00],
  [3325.00,6875.00],
  [3425.00,6775.00],
  [3325.00,6675.00],
  [3375.00,6450.00],
  [3525.00,6575.00],
  [3750.00,6575.00],
  [3750.00,6375.00],
  [3750.00,5975.00],
  [3574.00,5908.00],
  [3375.00,6050.00],
  [3175.00,6025.00],
  [3025.00,6125.00],
  [2875.00,6125.00],
  [2875.00,6025.00],
  [3025.00,5450.00],
  [2925.00,5450.00],
  [2825.00,5450.00],
  [2675.00,5450.00],
  [2525.00,5450.00],
  [2375.00,5450.00],
  [2400.00,5350.00],
  [2400.00,5250.00],
  [2325.00,5175.00],
  [2475.00,5175.00],
  [2575.00,5075.00],
  [2525.00,4975.00],
  [2675.00,4875.00],
  [2825.00,4975.00],
  [2775.00,5075.00],
  [2675.00,5025.00],
  [2675.00,5175.00],
  [2875.00,5175.00],
  [3150.00,5175.00],
  [3250.00,5375.00],
  [3250.00,5275.00],
  [3300.00,5175.00],
  [3275.00,5075.00],
  [3325.00,4975.00],
  [3450.00,5025.00],
  [3475.00,5175.00],
  [3525.00,5275.00],
  [3525.00,5375.00],
  [3675.00,5375.00],
  [3675.00,5275.00],
  [3775.00,5325.00],
  [3772.00,5204.00],
  [3800.00,5075.00],
  [3800.00,4925.00],
  [3675.00,4925.00],
  [3675.00,4775.00],
  [3675.00,4675.00],
  [3675.00,4575.00],
  [3525.00,4725.00],
  [3400.00,4675.00],
  [3375.00,4775.00],
  [3225.00,4775.00],
  [3025.00,4575.00],
  [3125.00,4575.00],
  [3200.00,4525.00],
  [3300.00,4500.00],
  [3300.00,4400.00],
  [3200.00,4425.00],
  [3200.00,4325.00],
  [3125.00,4275.00],
  [3025.00,4275.00],
  [2925.00,4175.00],
  [2900.00,3925.00],
  [2900.00,3725.00],
  [2900.00,3325.00],
  [2450.00,3325.00],
  [2450.00,3725.00],
  [2450.00,3925.00],
  [2725.00,4175.00],
  [2625.00,4175.00],
  [2425.00,4175.00],
  [2325.00,4275.00],
  [2225.00,4275.00],
  [2150.00,4325.00],
  [2150.00,4425.00],
  [2050.00,4425.00],
  [2050.00,4525.00],
  [2150.00,4525.00],
  [2225.00,4600.00],
  [2325.00,4600.00],
  [2125.00,4775.00],
  [1975.00,4775.00],
  [1950.00,4675.00],
  [1875.00,4775.00],
  [1925.00,4925.00],
  [2025.00,4975.00],
  [2075.00,5075.00],
  [1925.00,5075.00],
  [1825.00,5025.00],
  [1825.00,5275.00],
  [1825.00,5425.00],
  [1825.00,5525.00],
  [1825.00,5675.00],
  [1565.00,5610.00],
  [1565.00,5460.00],
  [1565.00,5310.00],
  [1565.00,5160.00],
  [1565.00,5010.00],
  [1565.00,4860.00],
  [1725.00,4775.00],
  [1565.00,4710.00],
  [1565.00,4560.00],
  [1675.00,4500.00],
  [1750.00,4550.00],
  [1750.00,4450.00],
  [1675.00,4375.00],
  [1625.00,4275.00],
  [1725.00,4275.00],
  [1950.00,4175.00],
  [2050.00,4275.00],
  [2150.00,4175.00],
  [2050.00,4125.00],
  [2075.00,3975.00],
  [2075.00,3875.00],
  [1975.00,3975.00],
  [1900.00,3875.00],
  [1775.00,3875.00],
  [1625.00,3900.00],
  [1600.00,3700.00],
  [1600.00,3575.00],
  [1600.00,3475.00],
  [1600.00,3375.00],
  [1600.00,3275.00],
  [1725.00,2975.00],
  [1640.00,2656.00],
  [1639.00,2556.00],
  [1639.00,2456.00],
  [1640.00,2355.00],
  [1640.00,2256.00]
]