[
  [435.84,587.52],
  [602.54,801.70],
  [861.56,954.02],
  [444.22,553.30],
  [796.04,796.52],
  [88.91,838.95],
  [233.57,850.80],
  [476.86,203.98],
  [406.27,601.84],
  [954.57,785.05],
  [593.33,968.64],
  [946.10,433.00],
  [83.07,601.49],
  [861.25,754.12],
  [247.62,698.64],
  [963.23,965.82],
  [125.87,536.99],
  [563.24,20.74],
  [55.26,619.09],
  [691.41,576.65],
  [237.17,707.30],
  [583.45,609.20],
  [404.17,942.22],
  [15.77,614.64],
  [20.08,62.90],
  [196.66,613.86],
  [913.25,428.90],
  [828.34,584.11],
  [49.60,40.61],
  [271.36,736.90],
  [979.15,716.97],
  [489.42,957.95],
  [817.11,281.12],
  [332.77,466.52],
  [278.35,945.62],
  [168.54,974.81],
  [806.14,537.75],
  [445.40,306.86],
  [306.70,552.63],
  [555.49,359.32],
  [156.44,179.00],
  [140.14,704.08],
  [963.24,442.63],
  [460.83,255.50],
  [385.53,487.85],
  [931.46,198.15],
  [279.89,896.02],
  [331.28,923.48],
  [33.54,889.86],
  [511.53,60.41],
  [232.87,327.74],
  [870.56,747.86],
  [126.31,27.08],
  [25.72,384.71],
  [550.99,317.71],
  [421.55,669.86],
  [699.40,641.83],
  [30.61,881.32],
  [486.63,987.92],
  [547.89,870.17],
  [764.19,227.84],
  [489.34,885.47],
  [908.76,483.32],
  [195.23,821.48],
  [171.85,111.94],
  [599.16,587.50],
  [132.52,507.63],
  [327.21,868.80],
  [267.93,788.35],
  [792.92,136.52],
  [156.99,187.48],
  [186.10,903.49],
  [746.00,818.74],
  [672.67,141.52],
  [795.06,496.70],
  [298.83,796.84],
  [91.60,378.02],
  [917.90,105.23],
  [370.27,274.58],
  [789.21,738.17],
  [800.35,158.59],
  [748.36,537.03],
  [486.98,88.59],
  [148.74,95.11],
  [231.98,10.13],
  [972.91,220.42],
  [40.56,259.59],
  [192.47,292.71],
  [24.04,509.81],
  [316.69,311.82],
  [494.94,163.27],
  [525.12,681.26],
  [835.67,882.71],
  [775.21,181.05],
  [109.48,27.35],
  [653.01,671.87],
  [628.29,197.06],
  [1.95,712.34],
  [730.64,447.00],
  [580.37,933.47],
  [377.45,863.51],
  [258.13,251.37],
  [659.30,693.42],
  [700.98,439.31],
  [801.21,327.66],
  [755.12,581.70],
  [168.35,774.79],
  [607.71,673.20],
  [569.79,359.95],
  [505.77,795.09],
  [692.79,475.06],
  [615.26,416.03],
  [433.07,854.11],
  [227.00,149.20],
  [326.41,615.68],
  [756.36,997.07],
  [175.19,551.63],
  [207.26,753.08],
  [127.31,986.13],
  [245.18,595.85],
  [368.49,322.47],
  [618.45,808.45],
  [284.62,905.82],
  [347.49,932.54],
  [942.05,733.58],
  [923.03,410.17],
  [153.76,231.00],
  [476.33,253.18],
  [232.09,588.07],
  [439.63,819.34],
  [959.40,382.33],
  [659.33,989.17],
  [475.22,422.92],
  [734.71,76.17],
  [844.59,856.24],
  [10.25,829.53],
  [359.09,688.83],
  [901.10,207.15],
  [607.21,778.84],
  [682.39,84.71],
  [840.93,757.36],
  [449.96,883.52],
  [725.65,402.26],
  [882.70,149.99],
  [429.87,229.25],
  [980.88,821.98],
  [578.12,545.10],
  [541.69,818.38],
  [509.21,164.05],
  [875.59,251.23],
  [101.22,820.45],
  [485.89,5.48],
  [134.00,228.87],
  [167.24,943.59],
  [156.37,445.89],
  [267.98,69.02],
  [476.48,711.84],
  [456.95,809.26],
  [217.25,20.11],
  [165.47,811.81],
  [381.61,457.55],
  [310.77,220.82],
  [2.20,25.85],
  [135.32,579.26],
  [257.71,332.93],
  [678.11,546.50],
  [176.01,611.72],
  [560.39,331.02],
  [416.78,521.54],
  [852.35,420.31],
  [850.69,321.30],
  [745.77,57.08],
  [104.73,588.78],
  [64.34,87.02],
  [417.21,194.19],
  [884.47,559.13],
  [868.71,180.07],
  [262.00,425.60],
  [669.76,662.31],
  [420.18,34.43],
  [424.97,239.97],
  [615.07,4.82],
  [967.47,235.62],
  [180.64,963.28],
  [153.90,253.90],
  [138.31,544.78],
  [23.88,240.30],
  [701.02,43.45],
  [951.54,792.33],
  [190.12,9.77],
  [347.58,997.52],
  [331.09,8.83],
  [547.39,204.85],
  [776.79,291.29],
  [756.59,917.90],
  [172.31,772.75],
  [85.71,33.67],
  [904.88,126.22],
  [87.54,389.28],
  [21.97,102.51],
  [417.30,581.20],
  [205.64,477.22],
  [486.74,625.48],
  [372.18,77.92],
  [117.94,480.47],
  [295.53,923.19],
  [879.34,967.33],
  [889.91,107.70],
  [636.98,852.55],
  [382.49,96.17],
  [134.60,416.19],
  [759.96,814.02],
  [44.51,940.86],
  [244.59,473.99],
  [642.57,589.53],
  [228.19,537.55],
  [645.77,36.62],
  [881.96,436.36],
  [680.57,156.19],
  [812.00,466.21],
  [963.48,584.97],
  [312.68,611.34],
  [853.96,621.64],
  [518.36,989.63],
  [272.48,202.43],
  [762.21,751.46],
  [648.78,603.79],
  [783.67,742.08],
  [399.48,192.27],
  [32.50,938.75],
  [814.21,436.49],
  [291.05,292.05],
  [607.01,13.61],
  [92.75,433.97],
  [769.07,182.92],
  [175.86,408.86],
  [344.66,388.19],
  [227.18,343.60],
  [491.15,328.61],
  [25.52,669.80],
  [789.06,180.38],
  [980.73,735.09],
  [58.18,207.45],
  [195.26,304.48],
  [543.71,996.06],
  [557.17,378.51],
  [256.51,606.64],
  [805.44,372.79],
  [462.04,417.06],
  [818.21,629.89],
  [415.46,823.74],
  [203.29,280.22],
  [325.90,907.59],
  [512.47,906.53],
  [826.91,802.72],
  [374.11,494.36],
  [599.16,619.97],
  [327.35,384.37],
  [360.03,175.04],
  [809.91,758.32],
  [260.67,213.38],
  [934.25,685.02],
  [176.02,365.20],
  [606.97,355.07],
  [667.65,810.28],
  [852.86,824.65],
  [746.32,56.04],
  [93.56,531.10],
  [818.77,606.90],
  [746.62,491.77],
  [231.08,960.55],
  [683.55,930.49],
  [431.01,685.79],
  [709.83,561.08],
  [452.18,663.38],
  [384.81,812.57],
  [886.34,4.94],
  [52.58,271.00],
  [152.73,951.55],
  [808.89,763.53],
  [775.35,780.35],
  [178.09,519.55],
  [988.74,256.46],
  [114.26,377.41],
  [236.13,494.21],
  [314.34,438.08],
  [273.60,173.03],
  [50.00,742.73],
  [6.43,353.95],
  [540.01,528.66],
  [786.06,432.58],
  [995.16,77.75],
  [509.98,834.34],
  [890.36,307.26],
  [304.47,535.69],
  [473.92,22.31],
  [868.56,484.80],
  [91.73,661.36],
  [616.79,748.51],
  [414.13,748.20],
  [236.21,683.44],
  [974.77,171.80],
  [732.09,320.50],
  [334.19,594.83],
  [561.25,14.05],
  [33.01,545.76],
  [451.64,797.97],
  [197.29,1.99],
  [236.34,400.12],
  [747.87,360.27],
  [430.78,816.48],
  [21.82,256.85],
  [344.64,230.39],
  [754.79,929.34],
  [257.18,178.95],
  [233.29,789.18],
  [109.64,555.18],
  [818.50,388.54],
  [438.96,136.90],
  [344.94,837.52],
  [920.63,460.34],
  [950.47,33.98],
  [123.80,911.15],
  [826.84,234.88],
  [967.72,166.52],
  [763.86,558.64],
  [477.09,834.77],
  [189.04,621.27],
  [500.42,885.26],
  [807.78,879.35],
  [6.14,122.62],
  [680.53,979.54],
  [752.46,173.08],
  [740.57,359.87],
  [494.05,199.61],
  [225.45,556.17],
  [782.19,687.57],
  [559.93,171.43],
  [463.40,711.70],
  [99.61,192.35],
  [257.62,814.54],
  [42.89,926.49],
  [172.91,173.23],
  [483.21,814.33],
  [537.14,893.85],
  [2.99,973.27],
  [286.89,436.08],
  [34.46,282.05],
  [382.17,228.74],
  [407.05,857.82],
  [957.66,25.53],
  [534.25,449.90],
  [891.08,771.61],
  [609.91,714.95],
  [800.51,368.53],
  [6.59,197.00],
  [122.62,436.92],
  [517.93,649.46],
  [235.39,41.31],
  [603.56,723.74],
  [910.37,948.62],
  [498.33,926.57],
  [548.67,952.85],
  [779.11,99.02],
  [582.10,75.61],
  [214.74,82.19],
  [560.44,622.94],
  [693.67,555.59],
  [90.50,16.80],
  [760.50,411.84],
  [626.52,526.72],
  [995.85,234.58],
  [918.95,876.68],
  [989.58,47.32],
  [377.69,314.41],
  [961.42,413.03],
  [825.41,709.36],
  [827.46,580.48],
  [35.78,990.37],
  [620.15,281.82],
  [109.52,120.78],
  [738.93,820.77],
  [274.22,258.43],
  [82.54,643.57],
  [592.71,764.17],
  [724.78,471.17],
  [778.13,902.45],
  [885.71,666.38],
  [26.89,163.88],
  [741.31,972.94],
  [165.76,712.31],
  [256.23,126.55],
  [927.39,899.53],
  [524.93,53.72],
  [72.19,423.80],
  [367.23,863.35],
  [349.22,799.33],
  [127.12,42.91],
  [587.64,139.57],
  [22.83,355.09]
]