[
  [18192.00,8954.00],
  [18192.00,9856.00],
  [18192.00,11319.00],
  [18272.00,8624.00],
  [18416.00,7348.00],
  [18416.00,8294.00],
  [1200.00,7370.00],
  [1200.00,8184.00],
  [1200.00,10912.00],
  [1200.00,11440.00],
  [17904.00,572.00],
  [17904.00,2684.00],
  [17904.00,6908.00],
  [17904.00,7348.00],
  [17904.00,8624.00],
  [8272.00,308.00],
  [8272.00,2068.00],
  [8272.00,2508.00],
  [8272.00,3080.00],
  [8272.00,3608.00],
  [8272.00,5302.00],
  [8336.00,7260.00],
  [8464.00,7260.00],
  [8496.00,9548.00],
  [8496.00,10582.00],
  [8496.00,11440.00],
  [15888.00,9064.00],
  [15888.00,9504.00],
  [15888.00,10252.00],
  [15888.00,11000.00],
  [15936.00,8184.00],
  [16048.00,8184.00],
  [16208.00,8184.00],
  [16336.00,572.00],
  [16336.00,1012.00],
  [16336.00,1452.00],
  [16336.00,2992.00],
  [16336.00,4818.00],
  [16336.00,6028.00],
  [16336.00,7348.00],
  [1040.00,7370.00],
  [1040.00,8184.00],
  [1040.00,10912.00],
  [1040.00,11440.00],
  [4464.00,308.00],
  [4640.00,308.00],
  [4816.00,308.00],
  [4944.00,308.00],
  [5168.00,308.00],
  [5440.00,308.00],
  [5616.00,308.00],
  [5728.00,308.00],
  [5808.00,3080.00],
  [5808.00,3608.00],
  [5808.00,4664.00],
  [5808.00,5368.00],
  [5808.00,6072.00],
  [5808.00,7128.00],
  [5936.00,9658.00],
  [5936.00,11286.00],
  [16848.00,572.00],
  [16848.00,1452.00],
  [16848.00,2992.00],
  [16848.00,4708.00],
  [16848.00,6028.00],
  [16848.00,7348.00],
  [16848.00,8514.00],
  [16848.00,9284.00],
  [16848.00,9922.00],
  [16848.00,11198.00],
  [8240.00,7480.00],
  [8400.00,9548.00],
  [8400.00,10582.00],
  [8400.00,11440.00],
  [1520.00,9152.00],
  [1520.00,10912.00],
  [1520.00,11440.00],
  [1584.00,6446.00],
  [1584.00,7590.00],
  [1584.00,8294.00],
  [5168.00,11440.00],
  [5280.00,11440.00],
  [5456.00,11440.00],
  [5584.00,11440.00],
  [5712.00,11440.00],
  [2672.00,6336.00],
  [2784.00,6556.00],
  [2976.00,6556.00],
  [3104.00,6556.00],
  [3264.00,6556.00],
  [3360.00,6556.00],
  [3600.00,6556.00],
  [3856.00,6556.00],
  [3920.00,6556.00],
  [4016.00,6556.00],
  [4144.00,6556.00],
  [4208.00,6556.00],
  [4352.00,6556.00],
  [4464.00,6556.00],
  [4560.00,6556.00],
  [4688.00,6556.00],
  [4720.00,7260.00],
  [4720.00,8140.00],
  [4720.00,9702.00],
  [4720.00,10582.00],
  [4720.00,11132.00],
  [17008.00,572.00],
  [17008.00,1452.00],
  [17008.00,2992.00],
  [17008.00,5874.00],
  [17008.00,7348.00],
  [17072.00,8096.00],
  [17136.00,8096.00],
  [17280.00,8096.00],
  [17456.00,8096.00],
  [17520.00,8404.00],
  [17520.00,8954.00],
  [17520.00,10142.00],
  [17520.00,11319.00],
  [880.00,7370.00],
  [880.00,8184.00],
  [880.00,11440.00],
  [4144.00,4840.00],
  [4144.00,7700.00],
  [4304.00,8360.00],
  [4416.00,8360.00],
  [4576.00,8360.00],
  [4656.00,8360.00],
  [4864.00,8360.00],
  [5040.00,8360.00],
  [5296.00,8360.00],
  [5456.00,8844.00],
  [5456.00,9812.00],
  [5520.00,3608.00],
  [5520.00,4664.00],
  [5520.00,5368.00],
  [5520.00,5918.00],
  [5520.00,6930.00],
  [16560.00,8954.00],
  [16560.00,9922.00],
  [16592.00,572.00],
  [16592.00,1452.00],
  [16592.00,2992.00],
  [16592.00,4818.00],
  [16592.00,6138.00],
  [16592.00,7348.00],
  [7728.00,7744.00],
  [7728.00,9548.00],
  [7728.00,10846.00],
  [7792.00,7040.00],
  [7856.00,7040.00],
  [7952.00,7040.00],
  [8016.00,308.00],
  [8016.00,2068.00],
  [8016.00,2508.00],
  [8016.00,3080.00],
  [8016.00,3608.00],
  [8016.00,4268.00],
  [8016.00,5852.00],
  [16272.00,9064.00],
  [16272.00,9504.00],
  [16272.00,9922.00],
  [16272.00,11000.00],
  [16640.00,8844.00],
  [16720.00,8844.00],
  [16784.00,6028.00],
  [16784.00,7348.00],
  [16784.00,8514.00],
  [464.00,11440.00],
  [528.00,8184.00],
  [640.00,8184.00],
  [784.00,7370.00],
  [784.00,7964.00],
  [7664.00,6446.00],
  [7664.00,8074.00],
  [7664.00,9548.00],
  [7664.00,10846.00],
  [7728.00,308.00],
  [7728.00,2068.00],
  [7728.00,2508.00],
  [7728.00,3080.00],
  [7728.00,3608.00],
  [7728.00,4048.00],
  [7728.00,4488.00],
  [5232.00,3608.00],
  [5232.00,4664.00],
  [5232.00,5368.00],
  [5232.00,5918.00],
  [5232.00,6776.00],
  [5520.00,7920.00],
  [3856.00,7480.00],
  [3920.00,7920.00],
  [4016.00,7920.00],
  [4176.00,9152.00],
  [4176.00,9922.00],
  [4176.00,10472.00],
  [4176.00,10912.00],
  [4176.00,11440.00],
  [5984.00,748.00],
  [6096.00,3080.00],
  [6096.00,3608.00],
  [6096.00,4664.00],
  [6160.00,5368.00],
  [6224.00,5368.00],
  [6320.00,5368.00],
  [6496.00,5368.00],
  [6608.00,5698.00],
  [6608.00,6336.00],
  [6608.00,7502.00],
  [6608.00,9064.00],
  [6608.00,10142.00],
  [6608.00,11022.00],
  [17200.00,5874.00],
  [17200.00,7348.00],
  [17200.00,9284.00],
  [17200.00,9922.00],
  [17200.00,11198.00],
  [17296.00,5192.00],
  [17440.00,5192.00],
  [17568.00,5192.00],
  [17616.00,572.00],
  [17616.00,2992.00],
  [7248.00,10362.00],
  [7248.00,11286.00],
  [7376.00,308.00],
  [7376.00,968.00],
  [7376.00,2068.00],
  [7376.00,2508.00],
  [7376.00,3080.00],
  [7376.00,3608.00],
  [7376.00,4488.00],
  [7376.00,5588.00],
  [7376.00,6556.00],
  [7376.00,7744.00],
  [1808.00,6446.00],
  [1840.00,7436.00],
  [1840.00,8404.00],
  [1840.00,9042.00],
  [1840.00,10912.00],
  [1840.00,11440.00],
  [12272.00,9878.00],
  [12464.00,9064.00],
  [12592.00,9064.00],
  [12736.00,9064.00],
  [12848.00,902.00],
  [12848.00,1980.00],
  [12848.00,2640.00],
  [12848.00,3168.00],
  [12848.00,3608.00],
  [12848.00,4158.00],
  [12848.00,5368.00],
  [12848.00,6556.00],
  [12848.00,6996.00],
  [12848.00,8008.00],
  [12848.00,8844.00],
  [1648.00,8404.00],
  [1648.00,9152.00],
  [1648.00,10912.00],
  [1648.00,11440.00],
  [1680.00,6446.00],
  [1680.00,7590.00],
  [6256.00,9658.00],
  [6256.00,11022.00],
  [16976.00,8514.00],
  [16976.00,9284.00],
  [16976.00,9922.00],
  [16976.00,11198.00],
  [17072.00,5720.00],
  [17136.00,5720.00],
  [17440.00,5720.00],
  [17600.00,5720.00],
  [11600.00,572.00],
  [11600.00,1760.00],
  [11600.00,3388.00],
  [11600.00,5258.00],
  [11600.00,6556.00],
  [11600.00,6996.00],
  [11600.00,7898.00],
  [11632.00,8602.00],
  [11632.00,9284.00],
  [11632.00,10208.00],
  [17376.00,10142.00],
  [17728.00,10142.00],
  [18416.00,10142.00],
  [18608.00,10142.00],
  [18704.00,10142.00],
  [18864.00,10142.00],
  [18992.00,10142.00],
  [19088.00,10142.00],
  [6224.00,968.00],
  [6224.00,3080.00],
  [6224.00,3608.00],
  [6224.00,4664.00],
  [6400.00,10912.00],
  [6768.00,10912.00],
  [6864.00,11286.00],
  [1936.00,6336.00],
  [1936.00,7436.00],
  [1968.00,8404.00],
  [1968.00,9152.00],
  [1968.00,10912.00],
  [1968.00,11440.00],
  [3984.00,8712.00],
  [4304.00,8932.00],
  [4416.00,8932.00],
  [4496.00,10802.00],
  [15440.00,1232.00],
  [15440.00,3608.00],
  [15440.00,4180.00],
  [15440.00,4818.00],
  [15536.00,5808.00],
  [15648.00,5808.00],
  [15760.00,5808.00],
  [15840.00,5808.00],
  [15936.00,5808.00],
  [16048.00,5808.00],
  [16208.00,5808.00],
  [5584.00,10252.00],
  [5728.00,10252.00],
  [6000.00,10252.00],
  [6064.00,10252.00],
  [6160.00,10252.00],
  [6320.00,968.00],
  [6320.00,3080.00],
  [6320.00,3608.00],
  [6320.00,4664.00],
  [6384.00,9548.00],
  [6384.00,10472.00],
  [16720.00,11198.00],
  [17088.00,11198.00],
  [17376.00,11198.00],
  [17728.00,11198.00],
  [18416.00,11198.00],
  [18608.00,11198.00],
  [18704.00,11198.00],
  [18848.00,11198.00],
  [15280.00,572.00],
  [15280.00,1232.00],
  [15280.00,3608.00],
  [15280.00,4180.00],
  [15280.00,4818.00],
  [15280.00,6138.00],
  [15280.00,7348.00],
  [15280.00,8228.00],
  [15280.00,9064.00],
  [15280.00,9504.00],
  [15280.00,10252.00],
  [15280.00,11000.00],
  [3472.00,7920.00],
  [3472.00,8712.00],
  [3472.00,9372.00],
  [3472.00,10472.00],
  [3472.00,10912.00],
  [3472.00,11440.00],
  [208.00,11440.00],
  [432.00,7964.00],
  [944.00,7964.00],
  [1104.00,7370.00],
  [1424.00,6446.00],
  [1424.00,7370.00],
  [1424.00,8294.00],
  [10096.00,4378.00],
  [10096.00,5478.00],
  [10096.00,6556.00],
  [10096.00,7480.00],
  [10096.00,8008.00],
  [10096.00,8602.00],
  [10096.00,9284.00],
  [10096.00,10318.00],
  [10096.00,11440.00],
  [10256.00,3608.00],
  [10336.00,3608.00],
  [10448.00,3608.00],
  [10544.00,3608.00],
  [10608.00,3608.00],
  [10672.00,3608.00],
  [10752.00,3608.00],
  [10864.00,3608.00],
  [10992.00,3608.00],
  [11088.00,3608.00],
  [11168.00,3608.00],
  [11280.00,3608.00],
  [11408.00,3608.00],
  [688.00,7370.00],
  [688.00,11440.00],
  [6160.00,968.00],
  [6496.00,968.00],
  [6592.00,968.00],
  [6736.00,968.00],
  [6848.00,968.00],
  [6944.00,968.00],
  [7104.00,968.00],
  [7232.00,968.00],
  [7552.00,968.00],
  [7600.00,308.00],
  [7600.00,2068.00],
  [7600.00,2508.00],
  [7600.00,3080.00],
  [7600.00,3608.00],
  [7600.00,4048.00],
  [7600.00,4488.00],
  [7632.00,5148.00],
  [7792.00,5148.00],
  [7856.00,5148.00],
  [7920.00,5148.00],
  [8112.00,5148.00],
  [8384.00,5148.00],
  [8464.00,5148.00],
  [8624.00,5148.00],
  [8800.00,5148.00],
  [8912.00,5148.00],
  [9216.00,5148.00],
  [9504.00,5148.00],
  [9616.00,5148.00],
  [9744.00,5148.00],
  [9888.00,5148.00],
  [9936.00,6556.00],
  [9936.00,7480.00],
  [9936.00,8382.00],
  [9936.00,9284.00],
  [9936.00,11440.00],
  [10032.00,572.00],
  [10032.00,1452.00],
  [10032.00,2728.00],
  [6496.00,7084.00],
  [6736.00,7084.00],
  [6768.00,9064.00],
  [6768.00,10142.00],
  [9936.00,572.00],
  [9936.00,1452.00],
  [5200.00,10032.00],
  [7408.00,10362.00],
  [7568.00,10692.00],
  [7856.00,10692.00],
  [7936.00,10692.00],
  [8032.00,10692.00],
  [8144.00,10692.00],
  [8224.00,10692.00],
  [8320.00,10692.00],
  [8784.00,10692.00],
  [8976.00,10692.00],
  [9408.00,10692.00],
  [10288.00,10692.00],
  [10400.00,10692.00],
  [10560.00,10692.00],
  [10704.00,10692.00],
  [10864.00,10692.00],
  [10960.00,10692.00],
  [11136.00,10692.00],
  [11264.00,10692.00],
  [11392.00,10692.00],
  [11472.00,10692.00],
  [11568.00,10692.00],
  [4880.00,9218.00],
  [4880.00,10032.00],
  [4880.00,10582.00],
  [4880.00,11132.00],
  [4944.00,3608.00],
  [4944.00,4664.00],
  [4944.00,5368.00],
  [4944.00,5918.00],
  [4944.00,6776.00],
  [4944.00,7436.00],
  [6944.00,308.00],
  [7104.00,308.00],
  [7232.00,308.00],
  [7792.00,308.00],
  [7856.00,308.00],
  [7920.00,308.00],
  [8128.00,308.00],
  [8384.00,308.00],
  [8464.00,308.00],
  [8528.00,308.00],
  [8592.00,308.00],
  [8688.00,308.00],
  [8800.00,308.00],
  [8912.00,308.00],
  [9008.00,308.00],
  [9104.00,308.00],
  [9200.00,308.00],
  [9232.00,1452.00],
  [9232.00,2288.00],
  [9232.00,3388.00],
  [9344.00,7260.00],
  [9456.00,8602.00],
  [9456.00,11440.00],
  [3568.00,7920.00],
  [3664.00,7920.00],
  [3728.00,7920.00],
  [8240.00,9548.00],
  [8240.00,11440.00],
  [9376.00,6776.00],
  [9776.00,572.00],
  [9776.00,1452.00],
  [9776.00,2508.00],
  [9776.00,3388.00],
  [6992.00,7854.00],
  [6992.00,9174.00],
  [6992.00,9812.00],
  [6992.00,10362.00],
  [7056.00,2068.00],
  [7056.00,3080.00],
  [7056.00,3608.00],
  [7056.00,4664.00],
  [7056.00,5588.00],
  [7056.00,6556.00],
  [14512.00,682.00],
  [14640.00,3608.00],
  [14640.00,4048.00],
  [14640.00,4598.00],
  [14640.00,6138.00],
  [14640.00,7568.00],
  [14640.00,8228.00],
  [14640.00,9064.00],
  [14640.00,9504.00],
  [14640.00,10252.00],
  [14640.00,11000.00],
  [14768.00,1012.00],
  [14848.00,1012.00],
  [14960.00,1012.00],
  [15376.00,1012.00],
  [15536.00,1012.00],
  [15664.00,1012.00],
  [15760.00,1012.00],
  [15840.00,1012.00],
  [15936.00,1012.00],
  [16048.00,1012.00],
  [16208.00,1012.00],
  [16464.00,1012.00],
  [16528.00,572.00],
  [14736.00,6138.00],
  [14736.00,7568.00],
  [14736.00,8228.00],
  [14736.00,9064.00],
  [14736.00,9504.00],
  [14736.00,10252.00],
  [14736.00,10890.00],
  [14768.00,4928.00],
  [14880.00,4928.00],
  [14976.00,4928.00],
  [15376.00,4928.00],
  [15536.00,4928.00],
  [15648.00,4928.00],
  [15760.00,4928.00],
  [15840.00,4928.00],
  [15936.00,4928.00],
  [16048.00,4928.00],
  [16208.00,4928.00],
  [16464.00,4928.00],
  [16704.00,4928.00],
  [13808.00,6028.00],
  [13808.00,6776.00],
  [13808.00,7788.00],
  [13808.00,8228.00],
  [13808.00,9504.00],
  [13808.00,10362.00],
  [13808.00,11110.00],
  [14032.00,4708.00],
  [14144.00,4708.00],
  [14320.00,4708.00],
  [14464.00,4708.00],
  [16944.00,4708.00],
  [3664.00,8712.00],
  [3728.00,9284.00],
  [3760.00,9702.00],
  [3760.00,10472.00],
  [3760.00,10912.00],
  [3760.00,11440.00],
  [3600.00,8712.00],
  [3600.00,9482.00],
  [4048.00,9812.00],
  [4336.00,9812.00],
  [4576.00,9812.00],
  [4656.00,9812.00],
  [4976.00,8844.00],
  [8976.00,8118.00],
  [8976.00,9394.00],
  [8976.00,11440.00],
  [10176.00,6556.00],
  [10304.00,6556.00],
  [10448.00,6556.00],
  [10576.00,6556.00],
  [10736.00,6556.00],
  [10832.00,6556.00],
  [10896.00,6556.00],
  [10976.00,6556.00],
  [11088.00,6556.00],
  [11168.00,6556.00],
  [11264.00,6556.00],
  [11424.00,6556.00],
  [11536.00,6556.00],
  [11664.00,6556.00],
  [11728.00,6556.00],
  [11792.00,6556.00],
  [11872.00,6556.00],
  [11968.00,6556.00],
  [12112.00,6556.00],
  [12272.00,6556.00],
  [12448.00,6556.00],
  [12608.00,6556.00],
  [12736.00,6556.00],
  [13008.00,6556.00],
  [13072.00,1012.00],
  [13072.00,1980.00],
  [13072.00,2640.00],
  [13072.00,3608.00],
  [13072.00,4268.00],
  [13072.00,5368.00],
  [13168.00,572.00],
  [13264.00,572.00],
  [13408.00,572.00],
  [13568.00,572.00],
  [13696.00,572.00],
  [14016.00,572.00],
  [14160.00,572.00],
  [14320.00,572.00],
  [15120.00,572.00],
  [15376.00,572.00],
  [10480.00,572.00],
  [10480.00,1452.00],
  [10480.00,6006.00],
  [7120.00,2508.00],
  [7120.00,3080.00],
  [7120.00,3608.00],
  [7120.00,4664.00],
  [7120.00,5588.00],
  [7120.00,6556.00],
  [7120.00,7744.00],
  [7120.00,9064.00],
  [7120.00,9812.00],
  [7120.00,10362.00],
  [7120.00,11286.00],
  [3728.00,8712.00],
  [4016.00,10472.00],
  [4016.00,10912.00],
  [4016.00,11440.00],
  [6480.00,9064.00],
  [6896.00,9064.00],
  [7248.00,2068.00],
  [7248.00,2508.00],
  [7248.00,3080.00],
  [7248.00,3608.00],
  [7248.00,4664.00],
  [7248.00,5588.00],
  [7248.00,6556.00],
  [7248.00,7480.00],
  [3920.00,8712.00],
  [5056.00,9372.00],
  [3536.00,9372.00],
  [3536.00,10472.00],
  [3536.00,10912.00],
  [3536.00,11440.00],
  [8784.00,8448.00],
  [10304.00,8448.00],
  [10560.00,8448.00],
  [10704.00,8448.00],
  [10768.00,8448.00],
  [10848.00,8448.00],
  [10976.00,8448.00],
  [11120.00,8448.00],
  [11264.00,8448.00],
  [11552.00,8448.00],
  [11760.00,8448.00],
  [11888.00,8448.00],
  [12080.00,8448.00],
  [12240.00,8448.00],
  [12720.00,572.00],
  [12720.00,1980.00],
  [12720.00,3718.00],
  [12720.00,5368.00],
  [12720.00,6996.00],
  [2800.00,7326.00],
  [2928.00,7700.00],
  [2992.00,7700.00],
  [3104.00,7700.00],
  [3264.00,7700.00],
  [4208.00,7700.00],
  [8112.00,2068.00],
  [8112.00,2508.00],
  [8112.00,3080.00],
  [8112.00,3608.00],
  [8112.00,4268.00],
  [8112.00,7480.00],
  [9584.00,2728.00],
  [9584.00,3388.00],
  [9840.00,2288.00],
  [11440.00,2288.00],
  [11728.00,2288.00],
  [11824.00,2288.00],
  [11984.00,2288.00],
  [12112.00,2288.00],
  [12256.00,2288.00],
  [12384.00,2288.00],
  [12464.00,2288.00],
  [12496.00,572.00],
  [12496.00,1232.00],
  [12608.00,1012.00],
  [5584.00,7920.00],
  [5680.00,7920.00],
  [5760.00,7920.00],
  [6896.00,7920.00],
  [7568.00,7920.00],
  [8144.00,7920.00],
  [8208.00,7920.00],
  [9136.00,7590.00],
  [10544.00,6116.00],
  [11088.00,6116.00],
  [11168.00,6116.00],
  [11264.00,6116.00],
  [11312.00,572.00],
  [11312.00,1496.00],
  [11312.00,5258.00],
  [10768.00,572.00],
  [10768.00,1342.00],
  [10768.00,4488.00],
  [10768.00,5038.00],
  [10768.00,5588.00],
  [10768.00,6996.00],
  [10768.00,9284.00],
  [10768.00,9878.00],
  [5584.00,8844.00],
  [5616.00,3080.00],
  [6160.00,3080.00],
  [6496.00,3080.00],
  [6608.00,3080.00],
  [6736.00,3080.00],
  [6848.00,3080.00],
  [6944.00,3080.00],
  [7792.00,3080.00],
  [7856.00,3080.00],
  [7920.00,3080.00],
  [8384.00,3080.00],
  [8464.00,3080.00],
  [8560.00,3080.00],
  [8688.00,3080.00],
  [8800.00,3080.00],
  [8912.00,3080.00],
  [9008.00,3080.00],
  [8688.00,2288.00],
  [8464.00,6116.00],
  [8528.00,2068.00],
  [8528.00,2508.00],
  [8528.00,3608.00],
  [8464.00,2068.00],
  [8464.00,2508.00],
  [8464.00,3608.00],
  [17456.00,572.00],
  [17456.00,2992.00],
  [17456.00,7238.00],
  [11728.00,2948.00],
  [11824.00,2948.00],
  [11984.00,2948.00],
  [12112.00,2948.00],
  [12256.00,2948.00],
  [12384.00,2948.00],
  [12464.00,2948.00],
  [12560.00,572.00],
  [12560.00,1980.00],
  [12560.00,2728.00],
  [17552.00,7238.00],
  [17632.00,8184.00],
  [17776.00,8184.00],
  [18080.00,8184.00],
  [18256.00,9064.00],
  [10448.00,10032.00],
  [10560.00,10032.00],
  [10704.00,10032.00],
  [10864.00,10032.00],
  [10976.00,10032.00],
  [11136.00,10032.00],
  [11760.00,10032.00],
  [11888.00,10032.00],
  [12032.00,10032.00],
  [12144.00,10032.00],
  [12880.00,10032.00],
  [13008.00,10032.00],
  [13168.00,10032.00],
  [13312.00,10032.00],
  [13472.00,10032.00],
  [13584.00,10032.00],
  [13680.00,3608.00],
  [13680.00,4268.00],
  [13680.00,6028.00],
  [13680.00,6776.00],
  [13680.00,8008.00],
  [13680.00,9504.00],
  [17760.00,6908.00],
  [18048.00,6908.00],
  [18128.00,7348.00],
  [12640.00,3388.00],
  [12784.00,2640.00],
  [12784.00,3168.00],
  [10976.00,8008.00],
  [11088.00,8008.00],
  [11264.00,8008.00],
  [11664.00,8008.00],
  [11728.00,8008.00],
  [11792.00,8008.00],
  [11888.00,8008.00],
  [12912.00,8008.00],
  [13008.00,8008.00],
  [13184.00,8008.00],
  [13328.00,8008.00],
  [13456.00,8008.00],
  [13568.00,8008.00],
  [8400.00,2068.00],
  [8400.00,2508.00],
  [8400.00,3608.00],
  [9328.00,1452.00],
  [9520.00,1452.00],
  [9632.00,1452.00],
  [9840.00,1452.00],
  [10160.00,1452.00],
  [10256.00,1452.00],
  [10336.00,1452.00],
  [10544.00,1452.00],
  [10608.00,1452.00],
  [10672.00,1452.00],
  [10864.00,1452.00],
  [10992.00,1452.00],
  [11088.00,1452.00],
  [11168.00,1452.00],
  [12304.00,572.00],
  [14864.00,3608.00],
  [14864.00,4048.00],
  [14864.00,6138.00],
  [14864.00,7568.00],
  [14864.00,8228.00],
  [14864.00,9064.00],
  [14864.00,9504.00],
  [14864.00,10252.00],
  [14864.00,10890.00],
  [7792.00,2068.00],
  [7792.00,2508.00],
  [7792.00,3608.00],
  [7792.00,4048.00],
  [7792.00,4488.00],
  [7792.00,6446.00],
  [15376.00,3608.00],
  [15376.00,4180.00],
  [15376.00,6138.00],
  [15376.00,7348.00],
  [6864.00,2068.00],
  [6864.00,3608.00],
  [6864.00,4774.00],
  [6928.00,5368.00],
  [10544.00,5368.00],
  [10672.00,5368.00],
  [10704.00,9284.00],
  [12464.00,11000.00],
  [12592.00,11000.00],
  [12736.00,11000.00],
  [12880.00,11000.00],
  [13008.00,11000.00],
  [13168.00,11000.00],
  [13312.00,11000.00],
  [13456.00,11000.00],
  [13584.00,11000.00],
  [14144.00,11000.00],
  [14224.00,11000.00],
  [14336.00,11000.00],
  [14416.00,11000.00],
  [14992.00,11000.00],
  [15440.00,11000.00],
  [15632.00,11000.00],
  [15760.00,11000.00],
  [15824.00,11000.00],
  [16160.00,11000.00],
  [16464.00,11000.00],
  [15952.00,572.00],
  [15952.00,1452.00],
  [16048.00,2992.00],
  [16208.00,2992.00],
  [16464.00,2992.00],
  [16704.00,2992.00],
  [17072.00,2992.00],
  [17136.00,2992.00],
  [17296.00,2992.00],
  [15664.00,572.00],
  [15664.00,3608.00],
  [15664.00,4180.00],
  [15664.00,7348.00],
  [15664.00,7788.00],
  [15664.00,9064.00],
  [15664.00,9504.00],
  [15664.00,10252.00],
  [16432.00,1452.00],
  [8144.00,9548.00],
  [8144.00,11440.00],
  [9616.00,572.00],
  [12112.00,572.00],
  [12112.00,3938.00],
  [12112.00,5258.00],
  [8304.00,9548.00],
  [8304.00,11440.00],
  [12912.00,8844.00],
  [13008.00,8844.00],
  [13184.00,8844.00],
  [13328.00,8844.00],
  [13456.00,8844.00],
  [13552.00,3608.00],
  [13552.00,4378.00],
  [13552.00,5368.00],
  [13552.00,6028.00],
  [13552.00,6776.00],
  [11920.00,6996.00],
  [11920.00,9284.00],
  [11952.00,572.00],
  [11952.00,3938.00],
  [11952.00,5258.00],
  [10320.00,572.00],
  [10448.00,11440.00],
  [11824.00,572.00],
  [11824.00,3938.00],
  [11824.00,5258.00],
  [12656.00,5368.00],
  [5008.00,10692.00],
  [5008.00,11132.00],
  [13168.00,1980.00],
  [13168.00,2640.00],
  [13168.00,3608.00],
  [13168.00,4378.00],
  [13168.00,5478.00],
  [13232.00,6028.00],
  [13376.00,6028.00],
  [13488.00,6028.00],
  [14032.00,6028.00],
  [14144.00,6028.00],
  [14224.00,6028.00],
  [14320.00,6028.00],
  [14464.00,6028.00],
  [14976.00,6028.00],
  [16704.00,6028.00],
  [3280.00,10912.00],
  [3280.00,11440.00],
  [6736.00,308.00],
  [6736.00,2068.00],
  [6736.00,3608.00],
  [6736.00,4774.00],
  [6736.00,5698.00],
  [6736.00,6336.00],
  [8784.00,11440.00],
  [10288.00,11440.00],
  [10512.00,11440.00],
  [11792.00,6996.00],
  [8720.00,4158.00],
  [6800.00,5808.00],
  [6800.00,6336.00],
  [6912.00,6556.00],
  [7856.00,6556.00],
  [8896.00,6556.00],
  [8944.00,2288.00],
  [8944.00,3608.00],
  [7568.00,9504.00],
  [7856.00,9504.00],
  [8784.00,9504.00],
  [14144.00,8228.00],
  [14224.00,8228.00],
  [14336.00,8228.00],
  [14416.00,8228.00],
  [14480.00,8228.00],
  [15440.00,8228.00],
  [15504.00,8228.00],
  [15536.00,3608.00],
  [15536.00,4180.00],
  [15536.00,7348.00],
  [15568.00,572.00],
  [15760.00,572.00],
  [15840.00,572.00],
  [16048.00,572.00],
  [16208.00,572.00],
  [16704.00,572.00],
  [17104.00,572.00],
  [17296.00,572.00],
  [18000.00,572.00],
  [18080.00,572.00],
  [11728.00,572.00],
  [11728.00,3938.00],
  [11728.00,5258.00],
  [11728.00,6996.00],
  [11760.00,9284.00],
  [12272.00,3938.00],
  [12272.00,5258.00],
  [10512.00,9284.00],
  [7856.00,4048.00],
  [7920.00,4048.00],
  [8784.00,2288.00],
  [8784.00,3608.00],
  [8784.00,4268.00],
  [7920.00,2068.00],
  [7920.00,2508.00],
  [7920.00,3608.00],
  [7920.00,4488.00],
  [8880.00,4268.00],
  [10544.00,572.00],
  [10544.00,6996.00],
  [10608.00,4488.00],
  [9008.00,2288.00],
  [9312.00,2288.00],
  [11440.00,572.00],
  [11440.00,5258.00],
  [11440.00,6996.00],
  [11536.00,6996.00],
  [15824.00,7348.00],
  [15824.00,7788.00],
  [15824.00,9064.00],
  [15824.00,9504.00],
  [15824.00,10252.00],
  [6608.00,2068.00],
  [6608.00,3608.00],
  [6608.00,4664.00],
  [6896.00,5808.00],
  [112.00,11198.00],
  [10672.00,4488.00],
  [10832.00,4488.00],
  [10864.00,572.00],
  [10864.00,5038.00],
  [11088.00,6996.00],
  [9520.00,572.00],
  [9520.00,2068.00],
  [12240.00,6996.00],
  [3280.00,8712.00],
  [3280.00,9152.00],
  [3632.00,10472.00],
  [3632.00,10912.00],
  [3632.00,11440.00],
  [11568.00,9284.00],
  [14128.00,10472.00],
  [14160.00,1342.00],
  [14160.00,3608.00],
  [14160.00,4048.00],
  [14160.00,6776.00],
  [14160.00,7678.00],
  [14160.00,9504.00],
  [4080.00,10472.00],
  [4336.00,10472.00],
  [4576.00,10472.00],
  [4976.00,10032.00],
  [528.00,7370.00],
  [16016.00,1452.00],
  [16016.00,7348.00],
  [16016.00,9064.00],
  [16016.00,9504.00],
  [16160.00,9922.00],
  [16464.00,9922.00],
  [16640.00,9922.00],
  [16720.00,9922.00],
  [17088.00,9922.00],
  [1744.00,10912.00],
  [2112.00,10912.00],
  [2368.00,10912.00],
  [2544.00,10912.00],
  [2944.00,10912.00],
  [3056.00,8712.00],
  [3056.00,9152.00],
  [3088.00,10912.00],
  [4080.00,10912.00],
  [4336.00,10912.00],
  [4432.00,10912.00],
  [13456.00,9504.00],
  [14224.00,7788.00],
  [14336.00,7788.00],
  [14416.00,7788.00],
  [14448.00,1342.00],
  [14448.00,3608.00],
  [14448.00,4048.00],
  [1280.00,8404.00],
  [1744.00,8404.00],
  [1904.00,8404.00],
  [2160.00,8404.00],
  [2224.00,8404.00],
  [2368.00,8404.00],
  [2544.00,8404.00],
  [2704.00,7546.00],
  [14032.00,1342.00],
  [14032.00,3608.00],
  [14032.00,6776.00],
  [14976.00,7568.00],
  [14320.00,4048.00],
  [14768.00,4048.00],
  [13392.00,1980.00],
  [13392.00,3608.00],
  [13392.00,4378.00],
  [13392.00,5368.00],
  [16688.00,1452.00],
  [13360.00,6776.00],
  [16208.00,1452.00],
  [16208.00,7348.00],
  [1504.00,6336.00],
  [2064.00,6336.00],
  [2160.00,6336.00],
  [2224.00,6336.00],
  [2384.00,6336.00],
  [2544.00,6336.00],
  [4560.00,7370.00],
  [4304.00,7260.00],
  [4384.00,7260.00],
  [4464.00,7260.00],
  [4816.00,7260.00],
  [4880.00,7260.00],
  [14352.00,1342.00],
  [14352.00,3608.00],
  [14352.00,9504.00],
  [14352.00,10252.00],
  [5744.00,8844.00],
  [4336.00,11440.00],
  [6160.00,3608.00],
  [6160.00,4664.00],
  [6160.00,11132.00],
  [6512.00,3608.00],
  [6512.00,4664.00],
  [6928.00,2068.00],
  [6928.00,3608.00],
  [6928.00,4664.00],
  [11280.00,6996.00],
  [12592.00,6996.00],
  [13488.00,3608.00],
  [14768.00,3608.00],
  [14960.00,3608.00],
  [15760.00,3608.00],
  [15840.00,3608.00],
  [15920.00,7348.00],
  [12368.00,572.00],
  [12368.00,1232.00],
  [12368.00,3938.00],
  [12368.00,5258.00],
  [11664.00,6996.00],
  [17776.00,2684.00],
  [12464.00,3938.00],
  [13488.00,4268.00],
  [13232.00,6666.00],
  [10192.00,572.00],
  [944.00,7370.00],
  [10848.00,9284.00],
  [17088.00,9284.00],
  [17344.00,9284.00],
  [4592.00,4840.00],
  [4592.00,6028.00],
  [11024.00,572.00],
  [11024.00,5038.00],
  [2384.00,7436.00],
  [2384.00,9152.00],
  [2384.00,11440.00],
  [2928.00,8712.00],
  [2928.00,9152.00],
  [2928.00,11440.00],
  [2544.00,7546.00],
  [2544.00,9152.00],
  [2544.00,11440.00],
  [9648.00,7480.00],
  [2048.00,7172.00],
  [2160.00,7172.00],
  [2224.00,7172.00],
  [3440.00,7172.00],
  [1744.00,9042.00],
  [1744.00,11440.00],
  [2096.00,9152.00],
  [2096.00,11440.00],
  [3056.00,11440.00],
  [10960.00,6996.00],
  [2992.00,8712.00],
  [2992.00,9152.00],
  [10896.00,6996.00],
  [4080.00,11440.00],
  [16144.00,9064.00],
  [16144.00,9504.00],
  [14224.00,6776.00],
  [14224.00,9504.00],
  [14224.00,10252.00],
  [17104.00,8624.00],
  [17136.00,7348.00],
  [15440.00,9064.00],
  [15440.00,9504.00],
  [15440.00,10252.00],
  [15760.00,7788.00],
  [15856.00,1452.00],
  [4208.00,4840.00],
  [18320.00,7348.00],
  [15760.00,4180.00],
  [9712.00,7480.00],
  [17072.00,1452.00],
  [17072.00,7348.00],
  [16464.00,9504.00],
  [7856.00,2068.00],
  [7856.00,2508.00],
  [7856.00,3608.00],
  [7856.00,4488.00],
  [16720.00,7348.00],
  [15504.00,9064.00],
  [4368.00,4840.00],
  [6000.00,11132.00],
  [6064.00,11132.00],
  [4688.00,5808.00],
  [4816.00,5808.00],
  [4880.00,5808.00],
  [9008.00,3608.00],
  [15760.00,9064.00],
  [17424.00,9064.00],
  [18512.00,8294.00],
  [4880.00,4664.00],
  [4880.00,5368.00],
  [4880.00,6776.00],
  [4688.00,4488.00],
  [4752.00,4488.00],
  [4816.00,4488.00],
  [18608.00,8866.00],
  [14416.00,9504.00],
  [14416.00,10252.00],
  [15760.00,7348.00],
  [18224.00,7348.00],
  [13424.00,6776.00],
  [18704.00,8866.00],
  [11088.00,4928.00],
  [11168.00,4928.00],
  [12464.00,5368.00],
  [15760.00,1452.00],
  [15760.00,9504.00],
  [15760.00,10252.00],
  [432.00,7480.00],
  [11168.00,6996.00],
  [13488.00,6776.00],
  [13584.00,9504.00],
  [13488.00,5368.00],
  [11184.00,572.00],
  [4464.00,4840.00],
  [4528.00,4840.00],
  [4816.00,5368.00],
  [4816.00,6776.00],
  [11088.00,572.00],
  [10672.00,572.00],
  [10256.00,572.00],
  [9840.00,572.00],
  [4432.00,220.00],
  [5808.00,220.00],
  [1552.00,8932.00],
  [5136.00,11528.00],
  [5552.00,11528.00],
  [5968.00,11528.00],
  [5488.00,7304.00],
  [16576.00,8184.00],
  [6096.00,264.00],
  [6096.00,594.00],
  [1824.00,6864.00],
  [1664.00,8184.00],
  [5936.00,330.00],
  [11616.00,8228.00],
  [1952.00,8184.00],
  [6304.00,8536.00],
  [6368.00,8844.00],
  [16688.00,11407.00],
  [3488.00,7480.00],
  [1392.00,2904.00],
  [1392.00,5852.00],
  [1408.00,6028.00],
  [11728.00,11330.00],
  [11728.00,10868.00],
  [6896.00,220.00],
  [9232.00,220.00],
  [8272.00,8756.00],
  [7024.00,7260.00],
  [14720.00,4928.00],
  [13072.00,484.00],
  [15408.00,484.00],
  [8080.00,7700.00],
  [10016.00,9064.00],
  [7776.00,8448.00],
  [15344.00,7788.00],
  [12400.00,11484.00],
  [12400.00,11176.00],
  [16496.00,11484.00],
  [16496.00,11176.00],
  [11936.00,6776.00],
  [11840.00,6336.00],
  [12672.00,6776.00],
  [3312.00,10692.00],
  [10544.00,11528.00],
  [11808.00,8228.00],
  [15536.00,484.00],
  [18128.00,352.00],
  [7600.00,6116.00],
  [11744.00,8228.00],
  [7888.00,9064.00],
  [10992.00,11550.00],
  [10992.00,11308.00],
  [12000.00,6776.00],
  [4992.00,9812.00],
  [5888.00,5060.00],
  [2704.00,8250.00],
  [16672.00,6248.00],
  [3408.00,3058.00],
  [3408.00,6160.00],
  [5760.00,8624.00],
  [6528.00,8844.00],
  [6944.00,7260.00],
  [7408.00,10912.00],
  [12608.00,3608.00],
  [12352.00,6116.00],
  [11648.00,6336.00],
  [12416.00,6116.00],
  [12096.00,9504.00],
  [13248.00,9284.00],
  [912.00,3410.00],
  [912.00,6864.00],
  [928.00,7040.00],
  [14800.00,8008.00],
  [6640.00,220.00],
  [6832.00,220.00],
  [2944.00,6952.00],
  [9664.00,7788.00],
  [560.00,3410.00],
  [560.00,6864.00],
  [576.00,7040.00],
  [1728.00,8184.00],
  [5120.00,7920.00],
  [2080.00,8932.00],
  [3072.00,11220.00],
  [2976.00,10692.00],
  [10848.00,6776.00],
  [8848.00,9064.00],
  [16112.00,8844.00],
  [17120.00,8404.00],
  [12160.00,9064.00],
  [13552.00,11418.00]
]