[
  [15440.00,8888.00],
  [15440.00,9328.00],
  [15440.00,9768.00],
  [15440.00,11264.00],
  [15440.00,13288.00],
  [15440.00,14058.00],
  [15536.00,8228.00],
  [15616.00,8228.00],
  [15824.00,8228.00],
  [16048.00,8228.00],
  [16176.00,8228.00],
  [16384.00,8228.00],
  [16512.00,8228.00],
  [16624.00,8228.00],
  [16704.00,8228.00],
  [16784.00,8228.00],
  [16880.00,8228.00],
  [17024.00,8228.00],
  [17312.00,8228.00],
  [17440.00,8228.00],
  [17600.00,8228.00],
  [17872.00,8228.00],
  [17936.00,4400.00],
  [6320.00,10626.00],
  [6320.00,12012.00],
  [6432.00,9680.00],
  [6480.00,4180.00],
  [6480.00,4796.00],
  [6480.00,5544.00],
  [6480.00,6732.00],
  [1232.00,5918.00],
  [1232.00,7304.00],
  [1232.00,12012.00],
  [1232.00,14432.00],
  [1456.00,5588.00],
  [1520.00,4730.00],
  [4272.00,11154.00],
  [4272.00,11858.00],
  [4304.00,10296.00],
  [4416.00,10296.00],
  [4496.00,10296.00],
  [4528.00,5544.00],
  [4528.00,7040.00],
  [4592.00,10296.00],
  [4704.00,10296.00],
  [4784.00,10296.00],
  [4880.00,10296.00],
  [4944.00,10296.00],
  [5120.00,10296.00],
  [5200.00,10296.00],
  [5360.00,10296.00],
  [5504.00,10296.00],
  [5616.00,10296.00],
  [5648.00,7942.00],
  [5648.00,9020.00],
  [5680.00,6952.00],
  [5808.00,6952.00],
  [5952.00,6952.00],
  [6096.00,6952.00],
  [6160.00,6952.00],
  [6240.00,6952.00],
  [5648.00,14322.00],
  [6288.00,4180.00],
  [6288.00,4796.00],
  [6288.00,5544.00],
  [6288.00,8052.00],
  [6688.00,9020.00],
  [6800.00,9020.00],
  [6912.00,9020.00],
  [7072.00,9020.00],
  [7120.00,5280.00],
  [7120.00,6732.00],
  [7120.00,7172.00],
  [7120.00,7942.00],
  [18432.00,4422.00],
  [18720.00,4422.00],
  [18912.00,4422.00],
  [19040.00,4422.00],
  [14128.00,5610.00],
  [14128.00,7480.00],
  [14128.00,8888.00],
  [14128.00,9328.00],
  [14320.00,9548.00],
  [14464.00,9548.00],
  [14608.00,9548.00],
  [14672.00,9548.00],
  [14736.00,9548.00],
  [14800.00,9548.00],
  [14896.00,9548.00],
  [15024.00,9548.00],
  [15280.00,9768.00],
  [15280.00,11264.00],
  [15280.00,13288.00],
  [15280.00,14058.00],
  [3504.00,9240.00],
  [3504.00,10142.00],
  [3504.00,12012.00],
  [3648.00,9020.00],
  [3760.00,9020.00],
  [3872.00,9020.00],
  [4096.00,9020.00],
  [4304.00,9020.00],
  [4784.00,9020.00],
  [4880.00,9020.00],
  [4960.00,9020.00],
  [5136.00,9020.00],
  [5216.00,9020.00],
  [5344.00,9020.00],
  [5776.00,9020.00],
  [5808.00,4488.00],
  [5808.00,5544.00],
  [5808.00,8052.00],
  [784.00,4400.00],
  [784.00,5500.00],
  [816.00,6776.00],
  [912.00,6776.00],
  [1056.00,7524.00],
  [1104.00,12012.00],
  [1104.00,14432.00],
  [9104.00,10472.00],
  [9104.00,11704.00],
  [9104.00,12540.00],
  [9104.00,13508.00],
  [9104.00,14058.00],
  [9216.00,9548.00],
  [9296.00,9548.00],
  [9456.00,9548.00],
  [9568.00,9548.00],
  [9664.00,9548.00],
  [9776.00,9548.00],
  [9840.00,9548.00],
  [9904.00,9548.00],
  [10080.00,9548.00],
  [10336.00,9548.00],
  [10448.00,9548.00],
  [10544.00,9548.00],
  [10640.00,9548.00],
  [10768.00,9548.00],
  [10864.00,9548.00],
  [10960.00,9548.00],
  [11088.00,9548.00],
  [11168.00,9548.00],
  [11344.00,9548.00],
  [11568.00,9548.00],
  [11696.00,9548.00],
  [11792.00,9548.00],
  [11824.00,5324.00],
  [11824.00,6512.00],
  [11824.00,7172.00],
  [11824.00,7612.00],
  [11824.00,8492.00],
  [10768.00,11484.00],
  [10768.00,12540.00],
  [10768.00,13068.00],
  [10768.00,13970.00],
  [11024.00,8932.00],
  [11088.00,8932.00],
  [11184.00,8932.00],
  [11280.00,8932.00],
  [11584.00,8932.00],
  [11760.00,5324.00],
  [11760.00,6512.00],
  [11760.00,7172.00],
  [11760.00,7612.00],
  [11760.00,8382.00],
  [10064.00,11704.00],
  [10064.00,12540.00],
  [10064.00,13068.00],
  [10064.00,13508.00],
  [10064.00,14190.00],
  [10128.00,11484.00],
  [10192.00,11484.00],
  [10336.00,11484.00],
  [10448.00,11484.00],
  [10640.00,11484.00],
  [10864.00,11484.00],
  [10960.00,11484.00],
  [11024.00,11484.00],
  [11088.00,5324.00],
  [11088.00,6842.00],
  [9072.00,8976.00],
  [10480.00,8492.00],
  [10544.00,8492.00],
  [10640.00,8492.00],
  [10736.00,8492.00],
  [11216.00,8492.00],
  [11280.00,8492.00],
  [11408.00,8492.00],
  [11536.00,8492.00],
  [11936.00,8492.00],
  [12064.00,8492.00],
  [12112.00,5104.00],
  [12112.00,5764.00],
  [12112.00,6512.00],
  [12112.00,7172.00],
  [12112.00,7612.00],
  [8688.00,11594.00],
  [8688.00,12540.00],
  [8688.00,13508.00],
  [8688.00,14058.00],
  [8720.00,10956.00],
  [8800.00,10956.00],
  [8944.00,10956.00],
  [9488.00,10956.00],
  [9712.00,10956.00],
  [9904.00,10956.00],
  [9968.00,10956.00],
  [10112.00,10956.00],
  [10192.00,10956.00],
  [10544.00,10956.00],
  [10640.00,10956.00],
  [11600.00,10956.00],
  [11728.00,10956.00],
  [11968.00,10956.00],
  [12048.00,9284.00],
  [12048.00,10362.00],
  [12192.00,10736.00],
  [12288.00,10736.00],
  [12368.00,10736.00],
  [12400.00,4796.00],
  [12400.00,5874.00],
  [12400.00,6512.00],
  [12400.00,7172.00],
  [12400.00,7612.00],
  [12400.00,8272.00],
  [8528.00,10362.00],
  [8528.00,11594.00],
  [8528.00,12540.00],
  [8528.00,13508.00],
  [8528.00,14058.00],
  [8560.00,9988.00],
  [8720.00,9988.00],
  [8800.00,9988.00],
  [12336.00,4796.00],
  [12336.00,6512.00],
  [12336.00,7172.00],
  [12336.00,7612.00],
  [12336.00,8272.00],
  [8464.00,10516.00],
  [8464.00,11594.00],
  [8464.00,12540.00],
  [8560.00,5170.00],
  [8560.00,6732.00],
  [8560.00,7282.00],
  [8560.00,7832.00],
  [8560.00,8866.00],
  [7216.00,9350.00],
  [7216.00,9988.00],
  [7216.00,10516.00],
  [7216.00,11374.00],
  [7216.00,12430.00],
  [7216.00,14432.00],
  [7408.00,8932.00],
  [7504.00,8932.00],
  [7568.00,8932.00],
  [7664.00,8932.00],
  [7728.00,8932.00],
  [7760.00,4906.00],
  [7760.00,5544.00],
  [7760.00,6732.00],
  [7760.00,7172.00],
  [7760.00,7722.00],
  [12560.00,10516.00],
  [12560.00,11264.00],
  [12560.00,11814.00],
  [12560.00,13288.00],
  [12560.00,14058.00],
  [12640.00,9768.00],
  [12752.00,9768.00],
  [12848.00,9768.00],
  [13056.00,9768.00],
  [13152.00,9768.00],
  [13232.00,9768.00],
  [13328.00,9768.00],
  [13392.00,9768.00],
  [13584.00,9768.00],
  [13696.00,9768.00],
  [13808.00,9768.00],
  [14032.00,9768.00],
  [13680.00,8888.00],
  [13680.00,9328.00],
  [13680.00,10516.00],
  [13680.00,11264.00],
  [13680.00,11814.00],
  [13680.00,13288.00],
  [13680.00,14058.00],
  [13712.00,7480.00],
  [13808.00,7480.00],
  [14064.00,7480.00],
  [14320.00,7480.00],
  [14448.00,7480.00],
  [14512.00,7480.00],
  [14608.00,7480.00],
  [14672.00,7480.00],
  [14736.00,7480.00],
  [14800.00,7480.00],
  [14896.00,7480.00],
  [15024.00,7480.00],
  [15408.00,7480.00],
  [15536.00,7480.00],
  [15616.00,7480.00],
  [15824.00,7480.00],
  [16048.00,7480.00],
  [16176.00,7480.00],
  [16384.00,7480.00],
  [16512.00,7480.00],
  [16672.00,7480.00],
  [16768.00,7480.00],
  [17072.00,7480.00],
  [17168.00,7480.00],
  [17312.00,7480.00],
  [17440.00,7480.00],
  [17536.00,7480.00],
  [18128.00,7480.00],
  [17712.00,10626.00],
  [17712.00,14058.00],
  [17968.00,8448.00],
  [18112.00,8448.00],
  [12784.00,10406.00],
  [12784.00,11264.00],
  [12784.00,11814.00],
  [12784.00,13288.00],
  [12784.00,14058.00],
  [14192.00,9988.00],
  [14896.00,4906.00],
  [14896.00,5874.00],
  [14896.00,8888.00],
  [13712.00,5390.00],
  [4208.00,4290.00],
  [4208.00,7040.00],
  [4208.00,8052.00],
  [4592.00,11264.00],
  [4704.00,11264.00],
  [4784.00,11264.00],
  [5792.00,11264.00],
  [5968.00,11264.00],
  [6080.00,11264.00],
  [6224.00,11264.00],
  [6528.00,11264.00],
  [6608.00,11264.00],
  [6800.00,11264.00],
  [6912.00,11264.00],
  [6992.00,11264.00],
  [7056.00,11264.00],
  [7136.00,11264.00],
  [7376.00,11264.00],
  [7440.00,11264.00],
  [7568.00,11264.00],
  [7712.00,11264.00],
  [7792.00,11264.00],
  [7856.00,11264.00],
  [7920.00,11264.00],
  [8000.00,11264.00],
  [8112.00,11264.00],
  [8272.00,11264.00],
  [8368.00,11264.00],
  [8400.00,12540.00],
  [8400.00,14058.00],
  [10480.00,4796.00],
  [10544.00,5104.00],
  [10640.00,5104.00],
  [10752.00,5104.00],
  [10832.00,5104.00],
  [10912.00,5104.00],
  [11008.00,5104.00],
  [11200.00,5104.00],
  [11280.00,5104.00],
  [11408.00,5104.00],
  [12304.00,11814.00],
  [12304.00,13288.00],
  [12304.00,14058.00],
  [12656.00,4906.00],
  [12656.00,5874.00],
  [12656.00,7172.00],
  [12656.00,7612.00],
  [12656.00,8272.00],
  [12656.00,8888.00],
  [14864.00,11264.00],
  [14864.00,13288.00],
  [14864.00,14058.00],
  [15024.00,4906.00],
  [15024.00,5874.00],
  [15024.00,8888.00],
  [4592.00,7612.00],
  [4656.00,7612.00],
  [4768.00,7612.00],
  [4880.00,7612.00],
  [4976.00,7612.00],
  [5056.00,7612.00],
  [5488.00,7612.00],
  [5952.00,7612.00],
  [6096.00,7612.00],
  [6160.00,7612.00],
  [6560.00,7612.00],
  [7664.00,7612.00],
  [7792.00,9350.00],
  [7792.00,9988.00],
  [7792.00,10516.00],
  [7792.00,12430.00],
  [7792.00,14168.00],
  [16496.00,4906.00],
  [16496.00,9922.00],
  [16624.00,10736.00],
  [16704.00,10736.00],
  [16784.00,10736.00],
  [16880.00,10736.00],
  [16944.00,10736.00],
  [17008.00,10736.00],
  [17104.00,10736.00],
  [17296.00,10736.00],
  [17424.00,10736.00],
  [17616.00,10736.00],
  [17952.00,10736.00],
  [18080.00,10736.00],
  [18208.00,10736.00],
  [18368.00,10736.00],
  [18416.00,11176.00],
  [18416.00,14168.00],
  [1264.00,4620.00],
  [16400.00,4906.00],
  [17904.00,14058.00],
  [3984.00,4180.00],
  [3984.00,7150.00],
  [3984.00,10076.00],
  [8272.00,12540.00],
  [8272.00,14058.00],
  [16336.00,10296.00],
  [16336.00,11264.00],
  [16336.00,13288.00],
  [16976.00,5126.00],
  [1008.00,4840.00],
  [5808.00,9768.00],
  [5808.00,12320.00],
  [5808.00,14322.00],
  [5936.00,4488.00],
  [5936.00,5544.00],
  [4432.00,11858.00],
  [4656.00,4180.00],
  [4656.00,5544.00],
  [4656.00,7040.00],
  [4656.00,8162.00],
  [16848.00,13288.00],
  [17296.00,11484.00],
  [17424.00,11484.00],
  [18208.00,11484.00],
  [18384.00,7700.00],
  [18384.00,8668.00],
  [8240.00,10516.00],
  [8400.00,9460.00],
  [8432.00,5170.00],
  [8432.00,6732.00],
  [8432.00,7282.00],
  [8432.00,7832.00],
  [1584.00,12012.00],
  [1584.00,13992.00],
  [1584.00,14432.00],
  [1616.00,6556.00],
  [1680.00,5214.00],
  [2576.00,4290.00],
  [2576.00,5170.00],
  [2672.00,9768.00],
  [2672.00,10296.00],
  [2672.00,12012.00],
  [2672.00,13772.00],
  [2672.00,14212.00],
  [17008.00,13288.00],
  [880.00,5390.00],
  [880.00,12012.00],
  [1104.00,5060.00],
  [5520.00,12210.00],
  [5520.00,14322.00],
  [5680.00,4796.00],
  [5680.00,5544.00],
  [3888.00,7150.00],
  [3888.00,8052.00],
  [16592.00,13288.00],
  [18096.00,9768.00],
  [8016.00,10516.00],
  [8016.00,12430.00],
  [8016.00,14058.00],
  [8144.00,5170.00],
  [8144.00,6732.00],
  [8144.00,7172.00],
  [8144.00,7832.00],
  [8144.00,8866.00],
  [16784.00,5236.00],
  [16784.00,13288.00],
  [17072.00,5016.00],
  [17168.00,5016.00],
  [17312.00,5016.00],
  [17440.00,5016.00],
  [17536.00,5016.00],
  [17664.00,5016.00],
  [17776.00,5016.00],
  [784.00,12012.00],
  [1104.00,5808.00],
  [7728.00,10516.00],
  [7728.00,12430.00],
  [7728.00,14168.00],
  [7920.00,4906.00],
  [7920.00,5544.00],
  [7920.00,6732.00],
  [7920.00,7172.00],
  [7920.00,7832.00],
  [7920.00,8602.00],
  [7920.00,9350.00],
  [5232.00,12430.00],
  [5232.00,14322.00],
  [5520.00,4796.00],
  [5520.00,5544.00],
  [5520.00,6732.00],
  [3856.00,12012.00],
  [4720.00,11858.00],
  [4976.00,5544.00],
  [4976.00,7040.00],
  [4976.00,8162.00],
  [18496.00,7700.00],
  [7376.00,9878.00],
  [7376.00,10516.00],
  [7376.00,12430.00],
  [7376.00,14300.00],
  [7504.00,4796.00],
  [7504.00,5390.00],
  [7504.00,6732.00],
  [7504.00,7172.00],
  [1808.00,12012.00],
  [1808.00,13882.00],
  [1808.00,14432.00],
  [1840.00,10296.00],
  [1920.00,10296.00],
  [1968.00,5170.00],
  [12528.00,5874.00],
  [12528.00,6512.00],
  [12528.00,7172.00],
  [12528.00,7612.00],
  [12528.00,8272.00],
  [12752.00,8888.00],
  [12848.00,11264.00],
  [12848.00,11814.00],
  [12848.00,13288.00],
  [12848.00,14058.00],
  [13056.00,8888.00],
  [13136.00,8888.00],
  [13328.00,8888.00],
  [13392.00,8888.00],
  [13456.00,8888.00],
  [13584.00,8888.00],
  [13808.00,8888.00],
  [14064.00,8888.00],
  [14320.00,8888.00],
  [14448.00,8888.00],
  [14512.00,8888.00],
  [14608.00,8888.00],
  [14672.00,8888.00],
  [14736.00,8888.00],
  [14800.00,8888.00],
  [15536.00,8888.00],
  [15616.00,8888.00],
  [15824.00,8888.00],
  [16048.00,8888.00],
  [16176.00,8888.00],
  [16304.00,8888.00],
  [17088.00,9988.00],
  [17296.00,9988.00],
  [17456.00,9988.00],
  [1680.00,12012.00],
  [1776.00,6864.00],
  [1808.00,4840.00],
  [5936.00,12320.00],
  [5936.00,14322.00],
  [6160.00,4180.00],
  [6160.00,4796.00],
  [6160.00,5544.00],
  [6160.00,9240.00],
  [6160.00,9988.00],
  [18512.00,8668.00],
  [18512.00,9768.00],
  [18512.00,10428.00],
  [10320.00,5170.00],
  [11280.00,5852.00],
  [11408.00,5852.00],
  [11552.00,5852.00],
  [11600.00,12540.00],
  [11600.00,13068.00],
  [11600.00,13838.00],
  [4880.00,14432.00],
  [4944.00,14432.00],
  [5040.00,14432.00],
  [5120.00,14432.00],
  [5392.00,14432.00],
  [6064.00,14432.00],
  [6160.00,14432.00],
  [6224.00,9988.00],
  [6224.00,12012.00],
  [6256.00,9460.00],
  [6384.00,4180.00],
  [6384.00,4796.00],
  [6384.00,5544.00],
  [6384.00,6732.00],
  [6384.00,7172.00],
  [1936.00,12012.00],
  [1936.00,13882.00],
  [1936.00,14432.00],
  [2064.00,5720.00],
  [6672.00,4796.00],
  [6672.00,5544.00],
  [6672.00,6732.00],
  [6896.00,12540.00],
  [6992.00,12540.00],
  [7056.00,12540.00],
  [7136.00,12540.00],
  [7440.00,12540.00],
  [7568.00,12540.00],
  [7856.00,12540.00],
  [7920.00,12540.00],
  [8128.00,12540.00],
  [8800.00,12540.00],
  [8880.00,12540.00],
  [8944.00,12540.00],
  [9216.00,12540.00],
  [9296.00,12540.00],
  [9488.00,12540.00],
  [9552.00,12540.00],
  [9632.00,12540.00],
  [9712.00,12540.00],
  [9776.00,12540.00],
  [9936.00,12540.00],
  [10128.00,12540.00],
  [10192.00,12540.00],
  [10336.00,12540.00],
  [10448.00,12540.00],
  [10544.00,12540.00],
  [10864.00,12540.00],
  [10960.00,12540.00],
  [11024.00,12540.00],
  [11168.00,12540.00],
  [11280.00,12540.00],
  [11376.00,12540.00],
  [11440.00,12540.00],
  [11728.00,12540.00],
  [11808.00,12540.00],
  [11952.00,12540.00],
  [11984.00,6512.00],
  [11984.00,7172.00],
  [11984.00,7612.00],
  [11984.00,9284.00],
  [11984.00,11704.00],
  [12080.00,12540.00],
  [12224.00,12540.00],
  [12464.00,9438.00],
  [8784.00,11594.00],
  [8784.00,13508.00],
  [8784.00,14058.00],
  [8848.00,9460.00],
  [8976.00,5170.00],
  [8976.00,6732.00],
  [8976.00,7282.00],
  [8976.00,7832.00],
  [8976.00,8976.00],
  [3280.00,4180.00],
  [3280.00,5170.00],
  [3280.00,7040.00],
  [3280.00,7832.00],
  [3344.00,8052.00],
  [3408.00,8052.00],
  [3536.00,8052.00],
  [3648.00,8052.00],
  [4400.00,8052.00],
  [4768.00,8052.00],
  [4880.00,8052.00],
  [5040.00,8052.00],
  [7568.00,10516.00],
  [7568.00,14168.00],
  [10544.00,13068.00],
  [10544.00,13508.00],
  [10544.00,14190.00],
  [10640.00,7612.00],
  [7824.00,4906.00],
  [7824.00,5544.00],
  [7824.00,6732.00],
  [7824.00,7172.00],
  [7920.00,10516.00],
  [7920.00,14058.00],
  [10608.00,14190.00],
  [10864.00,13728.00],
  [10960.00,13728.00],
  [11024.00,13728.00],
  [11168.00,13728.00],
  [11280.00,13728.00],
  [11376.00,13728.00],
  [11440.00,13728.00],
  [11776.00,13728.00],
  [11952.00,13728.00],
  [12048.00,11704.00],
  [9520.00,14432.00],
  [9632.00,14432.00],
  [9712.00,14432.00],
  [9776.00,14432.00],
  [9936.00,14432.00],
  [10128.00,14432.00],
  [10192.00,14432.00],
  [10336.00,14432.00],
  [10448.00,14432.00],
  [11440.00,13068.00],
  [11472.00,7612.00],
  [11536.00,7612.00],
  [12592.00,7612.00],
  [12768.00,7612.00],
  [13056.00,7612.00],
  [13136.00,5016.00],
  [13136.00,5874.00],
  [13136.00,7172.00],
  [6000.00,9240.00],
  [6160.00,11704.00],
  [6432.00,11704.00],
  [6512.00,11704.00],
  [8880.00,11704.00],
  [8944.00,11704.00],
  [9216.00,11704.00],
  [9296.00,11704.00],
  [9488.00,11704.00],
  [9552.00,11704.00],
  [9632.00,11704.00],
  [9712.00,11704.00],
  [9776.00,11704.00],
  [9936.00,11704.00],
  [10352.00,13068.00],
  [10352.00,13508.00],
  [10544.00,7612.00],
  [656.00,4290.00],
  [656.00,14212.00],
  [16304.00,9328.00],
  [17648.00,4400.00],
  [6608.00,14432.00],
  [208.00,4422.00],
  [10864.00,13068.00],
  [11024.00,7172.00],
  [11184.00,7172.00],
  [11280.00,7172.00],
  [11376.00,7172.00],
  [12592.00,7172.00],
  [12768.00,7172.00],
  [13056.00,7172.00],
  [13232.00,7172.00],
  [13328.00,7172.00],
  [13392.00,7172.00],
  [13456.00,7172.00],
  [13584.00,7172.00],
  [9520.00,13508.00],
  [9552.00,13068.00],
  [9632.00,13068.00],
  [9712.00,13068.00],
  [9776.00,13068.00],
  [9936.00,13068.00],
  [10128.00,13068.00],
  [10192.00,13068.00],
  [10448.00,13068.00],
  [10960.00,13068.00],
  [11024.00,13068.00],
  [11168.00,13068.00],
  [11280.00,13068.00],
  [11376.00,13068.00],
  [11728.00,13068.00],
  [12096.00,13068.00],
  [12384.00,11924.00],
  [12480.00,11924.00],
  [12720.00,11924.00],
  [13072.00,11924.00],
  [13152.00,11924.00],
  [13232.00,11924.00],
  [13296.00,11924.00],
  [13392.00,11924.00],
  [13584.00,11924.00],
  [13808.00,4796.00],
  [13808.00,5610.00],
  [13808.00,9328.00],
  [13808.00,10516.00],
  [13808.00,11264.00],
  [13808.00,11704.00],
  [3120.00,4180.00],
  [3120.00,5170.00],
  [3120.00,7040.00],
  [3120.00,7832.00],
  [3120.00,8272.00],
  [3184.00,8492.00],
  [3248.00,8492.00],
  [3280.00,9350.00],
  [3280.00,10076.00],
  [3280.00,10516.00],
  [3280.00,12012.00],
  [3280.00,14212.00],
  [11376.00,6402.00],
  [3152.00,9240.00],
  [3152.00,10098.00],
  [3152.00,12012.00],
  [3152.00,14212.00],
  [1392.00,7304.00],
  [1392.00,12012.00],
  [1392.00,13992.00],
  [1392.00,14432.00],
  [1424.00,6336.00],
  [1520.00,6336.00],
  [464.00,13992.00],
  [528.00,14212.00],
  [7664.00,5390.00],
  [7664.00,6732.00],
  [7664.00,7172.00],
  [5360.00,4796.00],
  [5360.00,5544.00],
  [5360.00,7040.00],
  [5360.00,9658.00],
  [5392.00,12100.00],
  [10032.00,6732.00],
  [10192.00,5170.00],
  [10192.00,6292.00],
  [3184.00,7040.00],
  [3344.00,7040.00],
  [3408.00,7040.00],
  [3536.00,7040.00],
  [3648.00,7040.00],
  [3744.00,7040.00],
  [4080.00,7040.00],
  [4592.00,7040.00],
  [4768.00,7040.00],
  [4880.00,7040.00],
  [5056.00,7040.00],
  [5136.00,7040.00],
  [5216.00,7040.00],
  [9936.00,13508.00],
  [10096.00,5170.00],
  [1328.00,12012.00],
  [1504.00,12012.00],
  [2144.00,12012.00],
  [2224.00,12012.00],
  [2384.00,12012.00],
  [2480.00,12012.00],
  [2544.00,12012.00],
  [2816.00,12012.00],
  [2976.00,12012.00],
  [3088.00,12012.00],
  [3360.00,12012.00],
  [3440.00,12012.00],
  [3664.00,12012.00],
  [3744.00,12012.00],
  [4016.00,12012.00],
  [4592.00,12012.00],
  [4784.00,12012.00],
  [4880.00,12012.00],
  [6992.00,10516.00],
  [7056.00,14432.00],
  [7136.00,14432.00],
  [7312.00,14432.00],
  [9232.00,13508.00],
  [9232.00,14058.00],
  [9296.00,8052.00],
  [9328.00,5170.00],
  [9328.00,6732.00],
  [4880.00,5544.00],
  [4048.00,4180.00],
  [8304.00,10516.00],
  [9776.00,13508.00],
  [12592.00,8272.00],
  [12752.00,8272.00],
  [12784.00,4906.00],
  [12784.00,5874.00],
  [7056.00,10516.00],
  [14320.00,4796.00],
  [14320.00,5236.00],
  [14320.00,5874.00],
  [14512.00,11264.00],
  [14512.00,13288.00],
  [14512.00,14058.00],
  [14704.00,11264.00],
  [14704.00,13288.00],
  [14704.00,14058.00],
  [14736.00,4906.00],
  [14736.00,5874.00],
  [2928.00,4290.00],
  [2928.00,5060.00],
  [3184.00,7832.00],
  [4592.00,4180.00],
  [4592.00,5544.00],
  [13072.00,5016.00],
  [13072.00,5874.00],
  [13072.00,10516.00],
  [13072.00,11264.00],
  [13072.00,13288.00],
  [13072.00,14058.00],
  [10480.00,6842.00],
  [10480.00,7612.00],
  [10480.00,13508.00],
  [11200.00,6512.00],
  [11280.00,6512.00],
  [11536.00,6512.00],
  [12592.00,6512.00],
  [6896.00,5170.00],
  [6896.00,6732.00],
  [7120.00,9988.00],
  [7120.00,10516.00],
  [3408.00,4180.00],
  [3408.00,5280.00],
  [3408.00,8712.00],
  [3408.00,9240.00],
  [3408.00,9922.00],
  [3728.00,10516.00],
  [7408.00,4796.00],
  [7408.00,5390.00],
  [7408.00,6732.00],
  [7408.00,7172.00],
  [3568.00,5280.00],
  [2896.00,8272.00],
  [2896.00,9240.00],
  [2976.00,10076.00],
  [4752.00,4180.00],
  [4752.00,5544.00],
  [12720.00,10406.00],
  [12720.00,11264.00],
  [12720.00,13288.00],
  [12720.00,14058.00],
  [2800.00,9768.00],
  [2800.00,10296.00],
  [2800.00,13772.00],
  [2800.00,14212.00],
  [2832.00,4290.00],
  [2832.00,5060.00],
  [2832.00,8272.00],
  [2832.00,9240.00],
  [8112.00,10516.00],
  [8112.00,14058.00],
  [8208.00,7832.00],
  [8208.00,8866.00],
  [1328.00,7304.00],
  [1328.00,13992.00],
  [1328.00,14432.00],
  [12464.00,11044.00],
  [12496.00,13288.00],
  [12496.00,14058.00],
  [9296.00,13508.00],
  [9296.00,14058.00],
  [9456.00,7612.00],
  [9584.00,7612.00],
  [9680.00,7612.00],
  [9744.00,7612.00],
  [9856.00,7612.00],
  [10336.00,7612.00],
  [10416.00,7612.00],
  [10752.00,7612.00],
  [5072.00,5544.00],
  [6512.00,14432.00],
  [7440.00,10516.00],
  [7440.00,14168.00],
  [12368.00,13288.00],
  [12368.00,14058.00],
  [13456.00,9328.00],
  [13584.00,9328.00],
  [14064.00,9328.00],
  [15536.00,9328.00],
  [15616.00,9328.00],
  [15824.00,9328.00],
  [16048.00,9328.00],
  [16176.00,9328.00],
  [14512.00,4906.00],
  [14512.00,5874.00],
  [17520.00,4290.00],
  [14032.00,11704.00],
  [14192.00,10516.00],
  [14192.00,11264.00],
  [12080.00,14058.00],
  [12496.00,10516.00],
  [16656.00,4796.00],
  [13232.00,10516.00],
  [13232.00,11264.00],
  [13232.00,13288.00],
  [13232.00,14058.00],
  [13456.00,5390.00],
  [10192.00,13508.00],
  [14320.00,10516.00],
  [14320.00,11264.00],
  [14320.00,13288.00],
  [14320.00,14058.00],
  [14448.00,4906.00],
  [14448.00,5874.00],
  [14768.00,11264.00],
  [14768.00,13288.00],
  [14768.00,14058.00],
  [14800.00,5874.00],
  [9872.00,5170.00],
  [9872.00,6732.00],
  [10128.00,13508.00],
  [16496.00,11264.00],
  [16496.00,13288.00],
  [15376.00,9768.00],
  [15376.00,11264.00],
  [15376.00,13288.00],
  [15376.00,14058.00],
  [15408.00,6138.00],
  [6096.00,4796.00],
  [6096.00,5544.00],
  [6096.00,9240.00],
  [6672.00,12320.00],
  [6672.00,14432.00],
  [7248.00,4796.00],
  [7248.00,5390.00],
  [7248.00,6732.00],
  [7248.00,7172.00],
  [8880.00,14168.00],
  [8944.00,14168.00],
  [13152.00,14168.00],
  [13296.00,14168.00],
  [13392.00,14168.00],
  [13584.00,14168.00],
  [14032.00,14168.00],
  [14608.00,14168.00],
  [15520.00,14168.00],
  [15648.00,14168.00],
  [15760.00,14168.00],
  [15824.00,14168.00],
  [15920.00,14168.00],
  [15664.00,9768.00],
  [15664.00,11264.00],
  [15664.00,13288.00],
  [16144.00,6358.00],
  [14608.00,4906.00],
  [14608.00,5874.00],
  [15504.00,9768.00],
  [16192.00,9768.00],
  [5328.00,12320.00],
  [6064.00,12320.00],
  [9616.00,13508.00],
  [9680.00,5170.00],
  [9680.00,6732.00],
  [8368.00,10516.00],
  [10416.00,6292.00],
  [4336.00,4620.00],
  [5136.00,5544.00],
  [5216.00,5544.00],
  [5600.00,5544.00],
  [6560.00,5544.00],
  [6784.00,5544.00],
  [8848.00,5544.00],
  [9456.00,5544.00],
  [9584.00,5544.00],
  [9744.00,5544.00],
  [9968.00,5544.00],
  [13168.00,10516.00],
  [13168.00,11264.00],
  [13168.00,13288.00],
  [3344.00,10516.00],
  [3344.00,14212.00],
  [6544.00,4180.00],
  [6576.00,4796.00],
  [6576.00,6732.00],
  [6736.00,14432.00],
  [8720.00,8976.00],
  [8944.00,13508.00],
  [9456.00,6732.00],
  [3632.00,5280.00],
  [15536.00,11264.00],
  [15536.00,13288.00],
  [15600.00,6138.00],
  [6448.00,14432.00],
  [1504.00,14432.00],
  [2000.00,14432.00],
  [2128.00,14432.00],
  [2224.00,10604.00],
  [2256.00,4840.00],
  [2256.00,6160.00],
  [2256.00,9768.00],
  [5600.00,6732.00],
  [6784.00,6732.00],
  [8848.00,6732.00],
  [9200.00,6732.00],
  [9584.00,6732.00],
  [9744.00,6732.00],
  [13584.00,5456.00],
  [14064.00,5456.00],
  [14960.00,4796.00],
  [15248.00,4796.00],
  [15536.00,6204.00],
  [15824.00,6204.00],
  [16048.00,6204.00],
  [16208.00,4796.00],
  [16304.00,4796.00],
  [16592.00,4796.00],
  [16752.00,4796.00],
  [12880.00,4906.00],
  [13232.00,5236.00],
  [13296.00,4906.00],
  [15248.00,5874.00],
  [16176.00,10296.00],
  [16176.00,11264.00],
  [16176.00,13288.00],
  [16208.00,6512.00],
  [13296.00,11264.00],
  [13392.00,11264.00],
  [13584.00,11264.00],
  [14032.00,11264.00],
  [14608.00,11264.00],
  [15760.00,11264.00],
  [15824.00,11264.00],
  [15920.00,11264.00],
  [16032.00,11264.00],
  [2384.00,6160.00],
  [2384.00,9768.00],
  [2384.00,10296.00],
  [2384.00,13992.00],
  [2224.00,13772.00],
  [2480.00,13772.00],
  [2544.00,13772.00],
  [2960.00,14212.00],
  [3088.00,9240.00],
  [1504.00,13992.00],
  [2544.00,9768.00],
  [2544.00,10296.00],
  [2544.00,14212.00],
  [2672.00,4290.00],
  [2672.00,5060.00],
  [8848.00,7282.00],
  [8848.00,7832.00],
  [3088.00,14212.00],
  [3344.00,5170.00],
  [3184.00,4180.00],
  [3184.00,5170.00],
  [2352.00,4730.00],
  [8880.00,13508.00],
  [13296.00,10516.00],
  [13296.00,13288.00],
  [13328.00,5874.00],
  [17232.00,14168.00],
  [17312.00,14168.00],
  [17424.00,14168.00],
  [18080.00,14168.00],
  [18160.00,14168.00],
  [18240.00,14168.00],
  [18336.00,14168.00],
  [18640.00,14168.00],
  [13392.00,13288.00],
  [13584.00,13288.00],
  [14032.00,13288.00],
  [14608.00,13288.00],
  [15760.00,13288.00],
  [15824.00,13288.00],
  [15920.00,13288.00],
  [16032.00,13288.00],
  [16704.00,13288.00],
  [16944.00,13288.00],
  [17072.00,13288.00],
  [17232.00,13288.00],
  [17264.00,4290.00],
  [15920.00,10296.00],
  [16064.00,10296.00],
  [9712.00,13508.00],
  [17328.00,8976.00],
  [17968.00,9768.00],
  [18192.00,9768.00],
  [18704.00,9768.00],
  [18928.00,8668.00],
  [13232.00,5874.00],
  [14032.00,10516.00],
  [13584.00,10516.00],
  [14672.00,5874.00],
  [13392.00,5874.00],
  [13392.00,10516.00],
  [5600.00,4796.00],
  [17440.00,4400.00],
  [1888.00,5500.00],
  [2128.00,6160.00],
  [2128.00,9768.00],
  [2064.00,6160.00],
  [2480.00,9768.00],
  [2480.00,10296.00],
  [2160.00,4840.00],
  [2064.00,9768.00],
  [3744.00,5280.00],
  [18640.00,10428.00],
  [18704.00,8668.00],
  [15696.00,5764.00],
  [9200.00,7392.00],
  [15824.00,5764.00],
  [8016.00,4906.00],
  [9040.00,4796.00],
  [9104.00,4796.00],
  [18192.00,8668.00],
  [19024.00,8668.00],
  [9200.00,7832.00],
  [6320.00,9020.00],
  [18224.00,4213.00],
  [14944.00,10208.00],
  [1024.00,5808.00],
  [5872.00,9328.00],
  [2624.00,5808.00],
  [8080.00,9460.00],
  [4848.00,14520.00],
  [6224.00,14520.00],
  [6800.00,13750.00],
  [6800.00,12694.00],
  [10592.00,11704.00],
  [12016.00,12848.00],
  [9360.00,14520.00],
  [11440.00,14520.00],
  [6624.00,9680.00],
  [6048.00,4400.00],
  [304.00,4213.00],
  [688.00,14410.00],
  [7632.00,9680.00],
  [560.00,4092.00],
  [752.00,4092.00],
  [6992.00,14520.00],
  [7408.00,14520.00],
  [8352.00,9680.00],
  [14720.00,10208.00],
  [12736.00,9988.00],
  [2816.00,9460.00],
  [8160.00,9680.00],
  [12608.00,8492.00],
  [11664.00,9768.00],
  [14496.00,9108.00],
  [608.00,4708.00],
  [12480.00,10736.00],
  [16640.00,7700.00],
  [14384.00,10208.00],
  [7712.00,9680.00],
  [14784.00,10208.00],
  [16512.00,11044.00],
  [15392.00,9548.00],
  [5712.00,4092.00],
  [5840.00,4092.00],
  [6096.00,4092.00],
  [6688.00,11924.00],
  [15952.00,14256.00],
  [4560.00,4092.00],
  [4784.00,4092.00],
  [8416.00,9900.00],
  [6128.00,4092.00],
  [6576.00,4092.00],
  [15568.00,9988.00],
  [944.00,14520.00],
  [2160.00,14520.00],
  [15984.00,14146.00],
  [14224.00,4708.00],
  [14832.00,4708.00],
  [14992.00,4708.00],
  [15376.00,4708.00],
  [16176.00,4708.00],
  [16176.00,5478.00],
  [16560.00,4708.00],
  [16720.00,4708.00],
  [16848.00,4708.00],
  [12944.00,5236.00],
  [14352.00,5104.00],
  [16304.00,5742.00],
  [2448.00,5500.00],
  [3024.00,9460.00],
  [8832.00,9680.00],
  [10992.00,9152.00],
  [3376.00,14410.00],
  [13312.00,10208.00],
  [17136.00,14256.00],
  [17264.00,13596.00],
  [13184.00,7920.00],
  [16736.00,7700.00],
  [15968.00,9988.00],
  [15520.00,9548.00],
  [205.00,13992.00],
  [16032.00,10516.00],
  [16064.00,10824.00],
  [14048.00,9548.00],
  [14640.00,10208.00],
  [5232.00,4224.00],
  [5232.00,4642.00],
  [6992.00,4708.00],
  [12304.00,4224.00],
  [12304.00,4620.00],
  [13904.00,4708.00],
  [336.00,4213.00],
  [336.00,4598.00],
  [3792.00,4466.00],
  [3792.00,5104.00],
  [880.00,4092.00],
  [2224.00,4092.00],
  [2608.00,4092.00],
  [3440.00,4092.00],
  [17888.00,8888.00],
  [11232.00,9152.00],
  [18144.00,9988.00],
  [15856.00,5016.00],
  [15856.00,5588.00],
  [7152.00,4708.00],
  [7152.00,4884.00],
  [7280.00,4708.00],
  [7296.00,4796.00],
  [7312.00,4708.00],
  [7568.00,4708.00],
  [8624.00,4708.00],
  [8912.00,4708.00],
  [9232.00,4708.00],
  [9520.00,4708.00],
  [10576.00,4708.00],
  [10864.00,4708.00],
  [7696.00,5104.00],
  [9072.00,5016.00],
  [9184.00,5016.00],
  [10992.00,4708.00],
  [11120.00,4708.00]
]