[
  [1488.00,14146.00],
  [1520.00,4180.00],
  [1520.00,8404.00],
  [1520.00,9262.00],
  [1520.00,11792.00],
  [5968.00,4620.00],
  [5968.00,6490.00],
  [5968.00,7040.00],
  [5968.00,7480.00],
  [5968.00,8448.00],
  [6064.00,9108.00],
  [6160.00,9108.00],
  [6256.00,9108.00],
  [6336.00,9108.00],
  [6416.00,9108.00],
  [6528.00,9108.00],
  [6608.00,9108.00],
  [6768.00,9108.00],
  [6880.00,9108.00],
  [6976.00,9108.00],
  [7088.00,9108.00],
  [7248.00,9108.00],
  [7280.00,9636.00],
  [7280.00,10956.00],
  [7280.00,12188.00],
  [7280.00,12628.00],
  [4720.00,4180.00],
  [4848.00,4400.00],
  [5008.00,4400.00],
  [5104.00,4400.00],
  [17520.00,5126.00],
  [17520.00,7392.00],
  [17584.00,7920.00],
  [17776.00,9526.00],
  [17776.00,14234.00],
  [17936.00,5016.00],
  [17936.00,5940.00],
  [17936.00,6710.00],
  [18064.00,7920.00],
  [18192.00,8690.00],
  [18192.00,14234.00],
  [18304.00,7920.00],
  [18352.00,4180.00],
  [18352.00,5852.00],
  [18416.00,7920.00],
  [18560.00,7920.00],
  [18608.00,8580.00],
  [18608.00,14234.00],
  [18704.00,7920.00],
  [18768.00,5962.00],
  [880.00,4180.00],
  [880.00,8404.00],
  [880.00,9152.00],
  [880.00,11968.00],
  [1008.00,12188.00],
  [1040.00,14036.00],
  [1040.00,14476.00],
  [5040.00,10472.00],
  [5040.00,14278.00],
  [5072.00,9504.00],
  [5168.00,9504.00],
  [5264.00,9504.00],
  [5360.00,9504.00],
  [5456.00,4290.00],
  [5456.00,4840.00],
  [5456.00,6600.00],
  [5456.00,7040.00],
  [5456.00,7480.00],
  [5456.00,8646.00],
  [10544.00,14476.00],
  [10720.00,14256.00],
  [10848.00,14256.00],
  [10928.00,4400.00],
  [10928.00,6050.00],
  [10928.00,7964.00],
  [10928.00,9328.00],
  [10928.00,10384.00],
  [10928.00,11110.00],
  [10928.00,12188.00],
  [10976.00,14036.00],
  [11056.00,14036.00],
  [11168.00,14036.00],
  [11344.00,14036.00],
  [11632.00,14036.00],
  [11840.00,14036.00],
  [11984.00,14036.00],
  [12160.00,14036.00],
  [12368.00,14036.00],
  [12576.00,14036.00],
  [12816.00,14036.00],
  [13120.00,14036.00],
  [13456.00,14036.00],
  [13648.00,14036.00],
  [13760.00,14036.00],
  [13888.00,14036.00],
  [16496.00,8888.00],
  [16496.00,9636.00],
  [16496.00,10406.00],
  [16496.00,12848.00],
  [16496.00,14036.00],
  [16560.00,7502.00],
  [7632.00,9416.00],
  [7632.00,9944.00],
  [7632.00,10956.00],
  [7632.00,12188.00],
  [7632.00,12628.00],
  [7632.00,14476.00],
  [7728.00,4840.00],
  [7728.00,5940.00],
  [7728.00,6490.00],
  [7728.00,7260.00],
  [7728.00,8448.00],
  [16208.00,7612.00],
  [16208.00,8360.00],
  [16208.00,8888.00],
  [16208.00,9328.00],
  [16208.00,10626.00],
  [16208.00,12848.00],
  [16208.00,14036.00],
  [16272.00,4180.00],
  [464.00,4400.00],
  [464.00,8404.00],
  [464.00,8932.00],
  [528.00,9152.00],
  [592.00,9372.00],
  [592.00,14036.00],
  [592.00,14476.00],
  [5392.00,10626.00],
  [5520.00,4290.00],
  [5520.00,4840.00],
  [5520.00,6600.00],
  [5520.00,7040.00],
  [5520.00,7480.00],
  [5520.00,8228.00],
  [5680.00,4620.00],
  [5856.00,4620.00],
  [6160.00,4620.00],
  [6272.00,4620.00],
  [6368.00,4620.00],
  [6528.00,4620.00],
  [6608.00,4620.00],
  [6768.00,4620.00],
  [6880.00,4620.00],
  [6976.00,4620.00],
  [7088.00,4620.00],
  [7248.00,4620.00],
  [7344.00,4620.00],
  [7568.00,4620.00],
  [7664.00,4290.00],
  [7936.00,4620.00],
  [8032.00,4620.00],
  [8144.00,4620.00],
  [8224.00,4620.00],
  [8304.00,4620.00],
  [8400.00,4620.00],
  [8496.00,4620.00],
  [8624.00,4620.00],
  [8784.00,4620.00],
  [8944.00,4620.00],
  [9072.00,4620.00],
  [9296.00,4620.00],
  [9600.00,4620.00],
  [9712.00,4620.00],
  [9792.00,4620.00],
  [9920.00,4620.00],
  [10080.00,4620.00],
  [10192.00,4620.00],
  [10320.00,4620.00],
  [10496.00,4620.00],
  [10608.00,4620.00],
  [4176.00,4180.00],
  [4176.00,4620.00],
  [4176.00,5148.00],
  [4176.00,8536.00],
  [6608.00,6490.00],
  [6608.00,7040.00],
  [6608.00,7480.00],
  [6704.00,10956.00],
  [7248.00,6490.00],
  [7248.00,7040.00],
  [7248.00,7480.00],
  [7344.00,5940.00],
  [7568.00,5940.00],
  [7936.00,5940.00],
  [8032.00,5940.00],
  [8144.00,5940.00],
  [8240.00,5940.00],
  [8304.00,5940.00],
  [8400.00,5940.00],
  [8496.00,5940.00],
  [8624.00,5940.00],
  [8784.00,5940.00],
  [8880.00,5940.00],
  [8976.00,5940.00],
  [9072.00,5940.00],
  [9184.00,5940.00],
  [9376.00,5940.00],
  [9600.00,5940.00],
  [9712.00,5940.00],
  [9792.00,5940.00],
  [9920.00,5940.00],
  [10080.00,5940.00],
  [10192.00,5940.00],
  [10320.00,5940.00],
  [10496.00,5940.00],
  [10608.00,5940.00],
  [10672.00,5940.00],
  [10752.00,5940.00],
  [11008.00,5940.00],
  [11088.00,5940.00],
  [11184.00,5940.00],
  [11328.00,5940.00],
  [11472.00,5940.00],
  [11504.00,4400.00],
  [11504.00,8294.00],
  [11504.00,10956.00],
  [11504.00,12078.00],
  [11776.00,12408.00],
  [11984.00,12408.00],
  [12192.00,12408.00],
  [12368.00,12408.00],
  [12496.00,12408.00],
  [12672.00,12408.00],
  [12816.00,12408.00],
  [12976.00,12408.00],
  [13120.00,12408.00],
  [13440.00,12408.00],
  [13648.00,12408.00],
  [13760.00,12408.00],
  [13888.00,12408.00],
  [14048.00,12408.00],
  [14192.00,12408.00],
  [14320.00,12408.00],
  [14464.00,12408.00],
  [14544.00,13068.00],
  [14544.00,14146.00],
  [14672.00,12848.00],
  [14784.00,12848.00],
  [14992.00,12848.00],
  [15120.00,12848.00],
  [15344.00,12848.00],
  [15568.00,12848.00],
  [15696.00,12848.00],
  [15856.00,12848.00],
  [16016.00,12848.00],
  [16112.00,12848.00],
  [16272.00,12848.00],
  [16560.00,12848.00],
  [16720.00,12848.00],
  [16960.00,12848.00],
  [17072.00,7502.00],
  [17072.00,8470.00],
  [17072.00,9416.00],
  [17136.00,5104.00],
  [17200.00,4180.00],
  [1840.00,4400.00],
  [1840.00,8888.00],
  [1904.00,11132.00],
  [1936.00,11660.00],
  [1936.00,14146.00],
  [2032.00,13596.00],
  [2240.00,13596.00],
  [2352.00,13596.00],
  [2496.00,13596.00],
  [2640.00,13596.00],
  [2800.00,13596.00],
  [2912.00,13596.00],
  [3072.00,13596.00],
  [3200.00,13596.00],
  [3344.00,13596.00],
  [10832.00,8184.00],
  [10832.00,11110.00],
  [10832.00,12298.00],
  [11616.00,5720.00],
  [11760.00,5720.00],
  [11888.00,5720.00],
  [12064.00,5720.00],
  [12176.00,5720.00],
  [12240.00,5720.00],
  [12272.00,4180.00],
  [12272.00,4620.00],
  [1648.00,8404.00],
  [1728.00,8624.00],
  [1904.00,9152.00],
  [6256.00,6490.00],
  [6256.00,7040.00],
  [6256.00,7480.00],
  [6288.00,10252.00],
  [6288.00,10956.00],
  [14608.00,14036.00],
  [14672.00,14036.00],
  [14800.00,14036.00],
  [14992.00,14036.00],
  [15120.00,14036.00],
  [15344.00,14036.00],
  [15440.00,14036.00],
  [15568.00,14036.00],
  [15632.00,14036.00],
  [15696.00,14036.00],
  [15856.00,14036.00],
  [16016.00,14036.00],
  [16112.00,14036.00],
  [16272.00,14036.00],
  [16560.00,14036.00],
  [16720.00,14036.00],
  [16880.00,14036.00],
  [16976.00,4796.00],
  [11168.00,10384.00],
  [11312.00,10384.00],
  [11344.00,4400.00],
  [11344.00,8184.00],
  [6864.00,6490.00],
  [6864.00,7040.00],
  [6864.00,7480.00],
  [6992.00,10384.00],
  [7120.00,10956.00],
  [7168.00,12188.00],
  [7760.00,12188.00],
  [7936.00,12188.00],
  [8048.00,12188.00],
  [8176.00,12188.00],
  [8352.00,12188.00],
  [8432.00,12188.00],
  [8576.00,12188.00],
  [8656.00,12188.00],
  [8720.00,12188.00],
  [8928.00,12188.00],
  [9168.00,12188.00],
  [9312.00,12188.00],
  [9392.00,12188.00],
  [9504.00,12188.00],
  [9680.00,12188.00],
  [9808.00,12188.00],
  [9872.00,12188.00],
  [10000.00,12188.00],
  [10144.00,12188.00],
  [10224.00,12188.00],
  [10336.00,12188.00],
  [10480.00,12188.00],
  [10576.00,12188.00],
  [11168.00,12188.00],
  [11312.00,12188.00],
  [11408.00,12188.00],
  [11632.00,4620.00],
  [11632.00,6380.00],
  [11632.00,7744.00],
  [11632.00,11660.00],
  [17200.00,8360.00],
  [17232.00,7612.00],
  [1968.00,4400.00],
  [1968.00,8888.00],
  [2160.00,9592.00],
  [2352.00,10032.00],
  [2352.00,10472.00],
  [816.00,4180.00],
  [816.00,8404.00],
  [816.00,9152.00],
  [816.00,9812.00],
  [4496.00,4180.00],
  [4496.00,4730.00],
  [4496.00,8800.00],
  [4496.00,10362.00],
  [4496.00,14168.00],
  [7760.00,12628.00],
  [7936.00,12628.00],
  [8048.00,12628.00],
  [8176.00,12628.00],
  [8352.00,12628.00],
  [8432.00,12628.00],
  [8576.00,12628.00],
  [8656.00,12628.00],
  [8720.00,12628.00],
  [8864.00,12628.00],
  [10768.00,5500.00],
  [16336.00,8360.00],
  [16336.00,8888.00],
  [16336.00,9328.00],
  [16336.00,10626.00],
  [16400.00,7612.00],
  [6320.00,7480.00],
  [1168.00,4180.00],
  [1168.00,8404.00],
  [1168.00,9152.00],
  [1200.00,11352.00],
  [1296.00,11352.00],
  [1360.00,11352.00],
  [1424.00,11352.00],
  [1600.00,13816.00],
  [1808.00,13816.00],
  [2992.00,14256.00],
  [6416.00,6490.00],
  [6416.00,7040.00],
  [6416.00,7480.00],
  [8240.00,5500.00],
  [8304.00,5500.00],
  [8400.00,5500.00],
  [8496.00,5500.00],
  [8624.00,5500.00],
  [8784.00,5500.00],
  [8880.00,5500.00],
  [8976.00,5500.00],
  [9072.00,5500.00],
  [9184.00,5500.00],
  [9376.00,5500.00],
  [9600.00,5500.00],
  [9712.00,5500.00],
  [9792.00,5500.00],
  [9920.00,5500.00],
  [10080.00,5500.00],
  [10192.00,5500.00],
  [10320.00,5500.00],
  [10496.00,5500.00],
  [10608.00,5500.00],
  [10672.00,5500.00],
  [11056.00,4400.00],
  [16624.00,10406.00],
  [16688.00,7502.00],
  [16688.00,8206.00],
  [15280.00,4180.00],
  [15280.00,5016.00],
  [15280.00,6930.00],
  [15280.00,8778.00],
  [15312.00,9746.00],
  [15312.00,10296.00],
  [15312.00,10846.00],
  [15312.00,14476.00],
  [3472.00,9372.00],
  [3504.00,10472.00],
  [3504.00,14388.00],
  [208.00,4400.00],
  [208.00,9042.00],
  [320.00,9372.00],
  [656.00,8932.00],
  [752.00,8932.00],
  [944.00,8932.00],
  [1024.00,8932.00],
  [1296.00,8932.00],
  [1360.00,8932.00],
  [1424.00,8932.00],
  [1616.00,8932.00],
  [2288.00,8932.00],
  [2384.00,8932.00],
  [2528.00,8932.00],
  [2640.00,8932.00],
  [2800.00,8932.00],
  [2864.00,8932.00],
  [2960.00,8932.00],
  [3056.00,8932.00],
  [3248.00,8932.00],
  [3344.00,8932.00],
  [3536.00,9592.00],
  [3696.00,9592.00],
  [3920.00,9592.00],
  [4080.00,9592.00],
  [4288.00,9592.00],
  [4400.00,10362.00],
  [4400.00,14168.00],
  [8240.00,6490.00],
  [8240.00,7040.00],
  [8304.00,7788.00],
  [8400.00,7788.00],
  [8496.00,7788.00],
  [8624.00,7788.00],
  [8816.00,7788.00],
  [8976.00,7788.00],
  [9104.00,7788.00],
  [9216.00,7788.00],
  [9392.00,7788.00],
  [9520.00,7788.00],
  [9616.00,7788.00],
  [9744.00,8668.00],
  [9744.00,9768.00],
  [9744.00,11110.00],
  [9744.00,11660.00],
  [9744.00,14476.00],
  [9200.00,14476.00],
  [9232.00,7260.00],
  [9296.00,4180.00],
  [9296.00,6490.00],
  [9296.00,7040.00],
  [6992.00,6490.00],
  [6992.00,7040.00],
  [6992.00,7480.00],
  [11760.00,6380.00],
  [11888.00,6380.00],
  [12064.00,6380.00],
  [12176.00,6380.00],
  [12240.00,6380.00],
  [12352.00,6380.00],
  [12432.00,6380.00],
  [12512.00,6380.00],
  [12592.00,6380.00],
  [12688.00,6380.00],
  [12800.00,6380.00],
  [12880.00,6380.00],
  [12960.00,6380.00],
  [13104.00,6380.00],
  [13168.00,6380.00],
  [13248.00,6380.00],
  [13376.00,6380.00],
  [13456.00,6380.00],
  [13536.00,6380.00],
  [13616.00,6380.00],
  [13744.00,6380.00],
  [13888.00,6380.00],
  [14032.00,6380.00],
  [14160.00,6380.00],
  [14352.00,6380.00],
  [14464.00,6380.00],
  [14544.00,6380.00],
  [14608.00,6380.00],
  [14640.00,4180.00],
  [14640.00,5016.00],
  [10160.00,8668.00],
  [10160.00,11000.00],
  [10160.00,14476.00],
  [10320.00,7920.00],
  [10448.00,7920.00],
  [12016.00,7920.00],
  [12096.00,7920.00],
  [12208.00,7920.00],
  [12352.00,7920.00],
  [12512.00,7920.00],
  [12656.00,7920.00],
  [12800.00,7920.00],
  [12880.00,7920.00],
  [12960.00,7920.00],
  [13088.00,7920.00],
  [13360.00,7920.00],
  [13456.00,7920.00],
  [13536.00,7920.00],
  [13616.00,7920.00],
  [13744.00,7920.00],
  [13888.00,7920.00],
  [14000.00,7920.00],
  [14064.00,7920.00],
  [14176.00,7920.00],
  [14416.00,7920.00],
  [14688.00,7920.00],
  [14736.00,6600.00],
  [13440.00,9108.00],
  [13808.00,4290.00],
  [13808.00,4840.00],
  [13808.00,7150.00],
  [3760.00,4180.00],
  [3760.00,4620.00],
  [3760.00,5148.00],
  [3760.00,9152.00],
  [3760.00,10142.00],
  [3760.00,14278.00],
  [4688.00,8316.00],
  [4752.00,8316.00],
  [4816.00,4840.00],
  [4816.00,7480.00],
  [4816.00,8008.00],
  [8848.00,7040.00],
  [8848.00,10252.00],
  [8848.00,14476.00],
  [8944.00,6820.00],
  [8976.00,4180.00],
  [9808.00,4180.00],
  [9808.00,6490.00],
  [9808.00,7150.00],
  [7120.00,6490.00],
  [7120.00,7040.00],
  [7120.00,7480.00],
  [7152.00,10076.00],
  [4016.00,4180.00],
  [4016.00,4620.00],
  [4016.00,5148.00],
  [4016.00,9152.00],
  [4080.00,10252.00],
  [4080.00,14278.00],
  [10032.00,4180.00],
  [10032.00,6490.00],
  [10032.00,7150.00],
  [10112.00,7480.00],
  [10192.00,7480.00],
  [10320.00,7480.00],
  [11856.00,13288.00],
  [5264.00,10626.00],
  [5552.00,9284.00],
  [5680.00,9284.00],
  [5744.00,9284.00],
  [5776.00,6490.00],
  [5776.00,7040.00],
  [5776.00,7480.00],
  [6512.00,6490.00],
  [6512.00,7040.00],
  [6512.00,7480.00],
  [6576.00,9636.00],
  [6576.00,10956.00],
  [1328.00,14476.00],
  [1392.00,14256.00],
  [2624.00,14256.00],
  [2800.00,14256.00],
  [2912.00,14256.00],
  [3184.00,14256.00],
  [3376.00,10692.00],
  [3568.00,4180.00],
  [3664.00,4180.00],
  [3920.00,4180.00],
  [8784.00,4180.00],
  [9072.00,4180.00],
  [9600.00,4180.00],
  [9712.00,4180.00],
  [9920.00,4180.00],
  [10192.00,4180.00],
  [10256.00,4180.00],
  [11200.00,4180.00],
  [11856.00,4180.00],
  [12064.00,4180.00],
  [12176.00,4180.00],
  [12384.00,4180.00],
  [12512.00,4180.00],
  [12592.00,4180.00],
  [12672.00,4180.00],
  [12800.00,4180.00],
  [12880.00,4180.00],
  [12960.00,4180.00],
  [13104.00,4180.00],
  [13168.00,4180.00],
  [13248.00,4180.00],
  [13376.00,4180.00],
  [13456.00,4180.00],
  [13536.00,4180.00],
  [13888.00,4180.00],
  [14032.00,4180.00],
  [14160.00,4180.00],
  [14368.00,4180.00],
  [14544.00,4180.00],
  [14880.00,4180.00],
  [15008.00,4180.00],
  [15440.00,4180.00],
  [15632.00,4180.00],
  [15744.00,4180.00],
  [15824.00,4180.00],
  [15920.00,4180.00],
  [16080.00,4180.00],
  [16160.00,4180.00],
  [16336.00,4180.00],
  [16560.00,9636.00],
  [17520.00,9636.00],
  [17616.00,9636.00],
  [8368.00,9944.00],
  [8368.00,10956.00],
  [8368.00,13816.00],
  [8368.00,14476.00],
  [8464.00,6490.00],
  [8464.00,7040.00],
  [4240.00,14278.00],
  [8048.00,6490.00],
  [8048.00,7040.00],
  [8048.00,8558.00],
  [8144.00,9328.00],
  [8176.00,9944.00],
  [8176.00,10956.00],
  [8176.00,13926.00],
  [8176.00,14476.00],
  [1616.00,11792.00],
  [9504.00,10472.00],
  [9584.00,6490.00],
  [4816.00,10472.00],
  [4816.00,14168.00],
  [4912.00,9284.00],
  [5232.00,4840.00],
  [5232.00,6600.00],
  [5232.00,7480.00],
  [5232.00,8008.00],
  [5232.00,9064.00],
  [9328.00,14476.00],
  [9376.00,9636.00],
  [8912.00,9636.00],
  [9008.00,7150.00],
  [5552.00,10362.00],
  [5552.00,11000.00],
  [5584.00,8668.00],
  [5648.00,6600.00],
  [5648.00,7040.00],
  [5648.00,7480.00],
  [5648.00,8228.00],
  [9968.00,6490.00],
  [9968.00,7150.00],
  [10000.00,8778.00],
  [10000.00,11000.00],
  [10000.00,14476.00],
  [5584.00,6600.00],
  [5584.00,7040.00],
  [5584.00,7480.00],
  [5680.00,10362.00],
  [5680.00,11000.00],
  [5856.00,8668.00],
  [7312.00,8668.00],
  [7424.00,8668.00],
  [7568.00,8668.00],
  [7792.00,8668.00],
  [7920.00,8668.00],
  [8624.00,6490.00],
  [8624.00,7040.00],
  [7424.00,9944.00],
  [7760.00,9944.00],
  [8048.00,9944.00],
  [8432.00,9944.00],
  [8528.00,9944.00],
  [7952.00,6490.00],
  [7952.00,7040.00],
  [8560.00,10956.00],
  [8560.00,14366.00],
  [8656.00,8998.00],
  [6992.00,11748.00],
  [17968.00,9416.00],
  [8656.00,10252.00],
  [8720.00,10252.00],
  [9104.00,10252.00],
  [18256.00,4180.00],
  [18256.00,5852.00],
  [18288.00,14234.00],
  [18064.00,5632.00],
  [9072.00,6490.00],
  [9072.00,7150.00],
  [9392.00,14476.00],
  [8976.00,14476.00],
  [10096.00,8668.00],
  [14208.00,8668.00],
  [14320.00,8668.00],
  [14864.00,5016.00],
  [14864.00,6710.00],
  [14864.00,8448.00],
  [7664.00,7480.00],
  [18144.00,6292.00],
  [9504.00,11660.00],
  [9808.00,14476.00],
  [14352.00,5016.00],
  [14464.00,5016.00],
  [14544.00,5016.00],
  [15008.00,5016.00],
  [15440.00,5016.00],
  [15680.00,5016.00],
  [15824.00,6600.00],
  [15824.00,7612.00],
  [15824.00,8448.00],
  [15824.00,9108.00],
  [15824.00,9856.00],
  [15824.00,10626.00],
  [15824.00,14476.00],
  [1040.00,4180.00],
  [1040.00,8404.00],
  [1040.00,11660.00],
  [1104.00,11880.00],
  [1168.00,11880.00],
  [1200.00,14036.00],
  [1200.00,14476.00],
  [5872.00,10890.00],
  [5936.00,9416.00],
  [5936.00,10252.00],
  [10480.00,9218.00],
  [10480.00,9856.00],
  [10480.00,11000.00],
  [14256.00,9482.00],
  [14256.00,10912.00],
  [14256.00,11660.00],
  [14256.00,13442.00],
  [14256.00,14366.00],
  [14320.00,10296.00],
  [14416.00,10296.00],
  [14496.00,10296.00],
  [14768.00,10296.00],
  [14944.00,10296.00],
  [15040.00,10296.00],
  [15120.00,10296.00],
  [15248.00,10296.00],
  [15568.00,10296.00],
  [16016.00,10296.00],
  [16112.00,10296.00],
  [16272.00,10296.00],
  [16560.00,10296.00],
  [16736.00,10296.00],
  [16848.00,4180.00],
  [16848.00,7392.00],
  [8400.00,6490.00],
  [8400.00,7040.00],
  [8432.00,10956.00],
  [11920.00,4620.00],
  [10352.00,9218.00],
  [10352.00,9856.00],
  [10352.00,11000.00],
  [10352.00,14476.00],
  [12624.00,10582.00],
  [12624.00,11220.00],
  [12624.00,11660.00],
  [12688.00,4840.00],
  [5008.00,4840.00],
  [5008.00,7480.00],
  [5008.00,8008.00],
  [11168.00,11220.00],
  [11360.00,11220.00],
  [11984.00,11220.00],
  [12176.00,11220.00],
  [12352.00,11220.00],
  [12496.00,11220.00],
  [12816.00,11660.00],
  [12816.00,13222.00],
  [12816.00,14476.00],
  [13136.00,7260.00],
  [13136.00,10318.00],
  [13136.00,11396.00],
  [13136.00,13222.00],
  [13168.00,7040.00],
  [13248.00,7040.00],
  [13376.00,7040.00],
  [13456.00,7040.00],
  [13536.00,7040.00],
  [13616.00,7040.00],
  [13888.00,7040.00],
  [14000.00,7040.00],
  [9712.00,7260.00],
  [11376.00,12848.00],
  [7568.00,6490.00],
  [7568.00,7040.00],
  [7568.00,7480.00],
  [7872.00,14476.00],
  [8048.00,14476.00],
  [8112.00,14476.00],
  [8720.00,14476.00],
  [9504.00,14476.00],
  [9872.00,14476.00],
  [10224.00,14476.00],
  [18768.00,8580.00],
  [18768.00,14234.00],
  [18912.00,8360.00],
  [19024.00,6512.00],
  [12496.00,4840.00],
  [7984.00,10956.00],
  [8784.00,6490.00],
  [5104.00,4840.00],
  [5168.00,4840.00],
  [12016.00,4620.00],
  [12464.00,9988.00],
  [12464.00,10472.00],
  [12464.00,11660.00],
  [11184.00,12848.00],
  [11056.00,12848.00],
  [656.00,4180.00],
  [720.00,9812.00],
  [720.00,14036.00],
  [720.00,14476.00],
  [15760.00,6600.00],
  [15760.00,7612.00],
  [12096.00,7128.00],
  [12240.00,10472.00],
  [7312.00,6490.00],
  [7312.00,7040.00],
  [7312.00,7480.00],
  [13888.00,9328.00],
  [14320.00,9328.00],
  [14416.00,9328.00],
  [14832.00,11044.00],
  [14832.00,11660.00],
  [2928.00,9812.00],
  [2928.00,10472.00],
  [2992.00,9592.00],
  [3120.00,9592.00],
  [3216.00,9592.00],
  [5136.00,14388.00],
  [1424.00,8404.00],
  [848.00,14036.00],
  [848.00,14476.00],
  [6768.00,6490.00],
  [6768.00,7040.00],
  [6768.00,7480.00],
  [6832.00,10956.00],
  [18832.00,6512.00],
  [18928.00,6512.00],
  [11984.00,13596.00],
  [13456.00,13596.00],
  [13648.00,13596.00],
  [13760.00,13596.00],
  [13888.00,13596.00],
  [14032.00,13596.00],
  [14064.00,11286.00],
  [1808.00,11550.00],
  [6160.00,6490.00],
  [6160.00,7040.00],
  [6160.00,7480.00],
  [6192.00,10252.00],
  [6192.00,10956.00],
  [7760.00,10956.00],
  [7440.00,7040.00],
  [7440.00,7480.00],
  [12368.00,10472.00],
  [12368.00,11660.00],
  [12592.00,4840.00],
  [15920.00,6600.00],
  [15920.00,7612.00],
  [12240.00,11660.00],
  [12336.00,4620.00],
  [14416.00,10912.00],
  [14416.00,11660.00],
  [17584.00,14234.00],
  [12432.00,4840.00],
  [17776.00,6094.00],
  [14320.00,13816.00],
  [14320.00,14366.00],
  [16624.00,7502.00],
  [16624.00,8206.00],
  [16624.00,9042.00],
  [13264.00,4840.00],
  [17648.00,8800.00],
  [18416.00,4180.00],
  [18416.00,5852.00],
  [18416.00,8580.00],
  [944.00,4180.00],
  [944.00,8404.00],
  [1104.00,14036.00],
  [1104.00,14476.00],
  [14320.00,10912.00],
  [14320.00,11660.00],
  [14320.00,13068.00],
  [18832.00,5962.00],
  [14800.00,7040.00],
  [12880.00,4840.00],
  [12880.00,10318.00],
  [12880.00,11660.00],
  [17392.00,4290.00],
  [17424.00,5126.00],
  [15120.00,7260.00],
  [15120.00,8778.00],
  [15120.00,9746.00],
  [15120.00,10736.00],
  [12176.00,4620.00],
  [15008.00,6820.00],
  [15440.00,6820.00],
  [8048.00,10956.00],
  [8144.00,6490.00],
  [8144.00,7040.00],
  [13264.00,14476.00],
  [13776.00,10208.00],
  [13776.00,11286.00],
  [14032.00,14256.00],
  [15184.00,14476.00],
  [11984.00,11660.00],
  [8304.00,6490.00],
  [8304.00,7040.00],
  [12784.00,4840.00],
  [12784.00,10098.00],
  [18704.00,8580.00],
  [18704.00,14234.00],
  [12960.00,10252.00],
  [13440.00,10252.00],
  [13616.00,4840.00],
  [13616.00,9944.00],
  [3920.00,4620.00],
  [4624.00,4620.00],
  [4752.00,7480.00],
  [4752.00,10472.00],
  [4752.00,14168.00],
  [3632.00,14168.00],
  [3920.00,14168.00],
  [4176.00,14168.00],
  [4624.00,10362.00],
  [4656.00,14168.00],
  [4368.00,8536.00],
  [4432.00,8536.00],
  [8720.00,9636.00],
  [8720.00,10956.00],
  [13680.00,10472.00],
  [13680.00,11286.00],
  [16080.00,9856.00],
  [16144.00,8360.00],
  [16144.00,8888.00],
  [13840.00,10208.00],
  [13840.00,11286.00],
  [15440.00,8888.00],
  [15440.00,9856.00],
  [15056.00,8778.00],
  [15056.00,9746.00],
  [15056.00,10736.00],
  [4176.00,10252.00],
  [14928.00,11044.00],
  [14928.00,11660.00],
  [16272.00,8360.00],
  [16272.00,8888.00],
  [16272.00,9328.00],
  [17328.00,4180.00],
  [13552.00,4840.00],
  [6352.00,6490.00],
  [6352.00,7040.00],
  [16464.00,8206.00],
  [5168.00,10472.00],
  [5744.00,11000.00],
  [13168.00,4840.00],
  [7792.00,7480.00],
  [18864.00,14234.00],
  [12976.00,4840.00],
  [12976.00,11132.00],
  [12976.00,12848.00],
  [16016.00,8360.00],
  [5376.00,8228.00],
  [15632.00,7612.00],
  [16016.00,7612.00],
  [16080.00,7612.00],
  [5840.00,6490.00],
  [5840.00,7040.00],
  [5840.00,7480.00],
  [5840.00,10252.00],
  [5936.00,11000.00],
  [528.00,4180.00],
  [528.00,8404.00],
  [2256.00,10472.00],
  [4688.00,7480.00],
  [13456.00,4840.00],
  [15248.00,9746.00],
  [15248.00,10736.00],
  [15568.00,10956.00],
  [15696.00,10956.00],
  [2032.00,4400.00],
  [15376.00,8668.00],
  [15568.00,8668.00],
  [13360.00,4840.00],
  [5104.00,8008.00],
  [5168.00,8008.00],
  [5104.00,6600.00],
  [5168.00,6600.00],
  [6064.00,6600.00],
  [9712.00,6600.00],
  [16016.00,9328.00],
  [16016.00,9856.00],
  [5360.00,7480.00],
  [13104.00,4840.00],
  [13888.00,4840.00],
  [14000.00,4840.00],
  [5776.00,10252.00],
  [18608.00,5852.00],
  [6064.00,10692.00],
  [8656.00,10692.00],
  [3920.00,10252.00],
  [6064.00,10252.00],
  [6064.00,7040.00],
  [6064.00,7480.00],
  [17136.00,7920.00],
  [5104.00,7480.00],
  [5168.00,7480.00],
  [1296.00,8404.00],
  [1360.00,8404.00],
  [2544.00,8404.00],
  [2640.00,9812.00],
  [2640.00,10472.00],
  [2128.00,4180.00],
  [2448.00,10472.00],
  [3184.00,10472.00],
  [3664.00,10912.00],
  [15568.00,9856.00],
  [11536.00,12848.00],
  [3920.00,5148.00],
  [3920.00,9152.00],
  [3024.00,10472.00],
  [10224.00,11000.00],
  [2784.00,9372.00],
  [2832.00,9812.00],
  [2832.00,10472.00],
  [2000.00,11660.00],
  [1296.00,4180.00],
  [1392.00,12012.00],
  [12944.00,14476.00],
  [18128.00,5852.00],
  [18544.00,5852.00],
  [1488.00,12903.00],
  [1504.00,12232.00],
  [1520.00,6292.00],
  [1520.00,10582.00],
  [6688.00,9108.00],
  [7280.00,13761.00],
  [17520.00,6314.00],
  [17776.00,11935.00],
  [18192.00,11517.00],
  [18352.00,5016.00],
  [18352.00,7007.00],
  [18608.00,11407.00],
  [18768.00,4807.00],
  [18768.00,7117.00],
  [880.00,6292.00],
  [880.00,10670.00],
  [932.00,12188.00],
  [1040.00,12991.00],
  [5040.00,12430.00],
  [5456.00,5720.00],
  [10928.00,13343.00],
  [12928.00,14036.00],
  [13312.00,14036.00],
  [10928.00,14124.00],
  [16496.00,11682.00],
  [16560.00,5577.00],
  [7632.00,13552.00],
  [16208.00,5885.00],
  [16208.00,11902.00],
  [16240.00,4400.00],
  [464.00,6402.00],
  [592.00,11704.00],
  [5392.00,12947.00],
  [5520.00,5720.00],
  [6688.00,4620.00],
  [7472.00,4620.00],
  [4176.00,6842.00],
  [6656.00,9328.00],
  [6704.00,9889.00],
  [6704.00,13057.00],
  [7195.00,9328.00],
  [7472.00,5940.00],
  [7648.00,5940.00],
  [12896.00,12408.00],
  [13312.00,12408.00],
  [13536.00,12408.00],
  [14596.00,12848.00],
  [15216.00,12848.00],
  [15472.00,12848.00],
  [14544.00,12650.00],
  [17072.00,6127.00],
  [17072.00,11363.00],
  [17072.00,13926.00],
  [17072.00,13002.00],
  [1840.00,6402.00],
  [1840.00,10373.00],
  [1936.00,12749.00],
  [3440.00,14300.00],
  [3440.00,13772.00],
  [10832.00,10164.00],
  [10832.00,13442.00],
  [1648.00,6083.00],
  [1904.00,10252.00],
  [1904.00,12738.00],
  [6272.00,9328.00],
  [6288.00,13057.00],
  [15216.00,14036.00],
  [16912.00,11242.00],
  [16912.00,14520.00],
  [16912.00,14190.00],
  [16976.00,6094.00],
  [10896.00,13332.00],
  [8256.00,12188.00],
  [7120.00,13596.00],
  [7120.00,12342.00],
  [12896.00,12188.00],
  [13312.00,12188.00],
  [13536.00,12188.00],
  [14603.00,12188.00],
  [17200.00,12265.00],
  [17264.00,5786.00],
  [1968.00,6402.00],
  [2352.00,12034.00],
  [816.00,6292.00],
  [816.00,11011.00],
  [955.00,11968.00],
  [1008.00,13112.00],
  [4496.00,6688.00],
  [4496.00,12320.00],
  [4624.00,14564.00],
  [7216.00,13816.00],
  [8256.00,12628.00],
  [7216.00,12804.00],
  [10768.00,10164.00],
  [10864.00,13321.00],
  [16336.00,11902.00],
  [16400.00,5687.00],
  [6304.00,7260.00],
  [6320.00,13057.00],
  [1168.00,6292.00],
  [1168.00,10483.00],
  [1456.00,13035.00],
  [6400.00,5500.00],
  [6416.00,9900.00],
  [6416.00,13057.00],
  [6688.00,5500.00],
  [7472.00,5500.00],
  [7648.00,5500.00],
  [16624.00,11682.00],
  [16688.00,5577.00],
  [15280.00,5808.00],
  [15296.00,9328.00],
  [15312.00,11902.00],
  [3472.00,6457.00],
  [3488.00,9812.00],
  [3504.00,12650.00],
  [208.00,6666.00],
  [368.00,12188.00],
  [368.00,9548.00],
  [384.00,8932.00],
  [2720.00,8932.00],
  [3136.00,8932.00],
  [3440.00,6292.00],
  [3840.00,9592.00],
  [4000.00,9592.00],
  [3440.00,8778.00],
  [4400.00,12320.00],
  [9744.00,13552.00],
  [9200.00,13552.00],
  [7008.00,9856.00],
  [7039.00,11440.00],
  [7056.00,13222.00],
  [7056.00,11616.00],
  [10800.00,10164.00],
  [10800.00,13442.00],
  [14640.00,5819.00],
  [10160.00,10054.00],
  [10160.00,13552.00],
  [14592.00,7920.00],
  [14736.00,5808.00],
  [14736.00,7381.00],
  [10960.00,13222.00],
  [13328.00,9108.00],
  [13536.00,9108.00],
  [13808.00,5610.00],
  [3760.00,7150.00],
  [3760.00,12210.00],
  [4560.00,12320.00],
  [4816.00,6160.00],
  [8848.00,13552.00],
  [9648.00,13552.00],
  [7184.00,13541.00],
  [4016.00,7150.00],
  [4048.00,9372.00],
  [4080.00,12210.00],
  [5264.00,12947.00],
  [15216.00,13596.00],
  [6576.00,13057.00],
  [3216.00,12023.00],
  [3216.00,14454.00],
  [3536.00,4092.00],
  [3536.00,6545.00],
  [3840.00,4180.00],
  [6688.00,4180.00],
  [7472.00,4180.00],
  [13840.00,4092.00],
  [15136.00,4180.00],
  [15520.00,4180.00],
  [16368.00,4092.00],
  [16368.00,5775.00],
  [17936.00,11814.00],
  [4240.00,6842.00],
  [4240.00,12210.00],
  [1456.00,4092.00],
  [1616.00,6171.00],
  [1616.00,10692.00],
  [1616.00,12804.00],
  [9136.00,13552.00],
  [9408.00,10472.00],
  [4816.00,12430.00],
  [5232.00,5720.00],
  [9328.00,13552.00],
  [8912.00,13552.00],
  [5552.00,12947.00],
  [5648.00,5830.00],
  [9984.00,7480.00],
  [10000.00,10164.00],
  [10000.00,13552.00],
  [5584.00,5720.00],
  [5584.00,12947.00],
  [5680.00,12947.00],
  [6688.00,8668.00],
  [8224.00,8668.00],
  [7344.00,13761.00],
  [8256.00,9944.00],
  [7312.00,13761.00],
  [7520.00,9416.00],
  [8560.00,13442.00],
  [6992.00,13321.00],
  [17712.00,6061.00],
  [17968.00,11825.00],
  [8592.00,13442.00],
  [18256.00,5016.00],
  [18272.00,6072.00],
  [18288.00,6875.00],
  [18288.00,11517.00],
  [9232.00,13552.00],
  [18064.00,6776.00],
  [18064.00,11517.00],
  [18128.00,4488.00],
  [18128.00,5148.00],
  [8880.00,13552.00],
  [9168.00,13552.00],
  [9392.00,13552.00],
  [8976.00,13552.00],
  [9008.00,13552.00],
  [9296.00,13552.00],
  [13328.00,8668.00],
  [13536.00,8668.00],
  [14592.00,8668.00],
  [14864.00,5808.00],
  [14864.00,7634.00],
  [7664.00,13552.00],
  [18096.00,6985.00],
  [18096.00,11517.00],
  [18192.00,5016.00],
  [1200.00,6292.00],
  [1200.00,10362.00],
  [1584.00,12804.00],
  [18160.00,7106.00],
  [18160.00,11517.00],
  [18224.00,5016.00],
  [9808.00,13552.00],
  [15136.00,5016.00],
  [15520.00,5016.00],
  [15824.00,5687.00],
  [15824.00,11902.00],
  [15856.00,5016.00],
  [1040.00,6292.00],
  [1040.00,10626.00],
  [1200.00,12837.00],
  [5872.00,12947.00],
  [5904.00,10472.00],
  [10480.00,13552.00],
  [13328.00,8888.00],
  [13536.00,8888.00],
  [14608.00,10296.00],
  [15472.00,10296.00],
  [16784.00,11451.00],
  [16848.00,5786.00],
  [8416.00,9548.00],
  [8432.00,13552.00],
  [10352.00,13552.00],
  [10400.00,8888.00],
  [5008.00,6160.00],
  [5040.00,8228.00],
  [5072.00,12430.00],
  [17680.00,6204.00],
  [17904.00,11935.00],
  [3280.00,6347.00],
  [3296.00,9152.00],
  [3312.00,12144.00],
  [9904.00,10164.00],
  [11952.00,10131.00],
  [7584.00,9108.00],
  [7600.00,13673.00],
  [7600.00,14564.00],
  [10768.00,14564.00],
  [18768.00,11407.00],
  [19024.00,5027.00],
  [19024.00,7667.00],
  [8224.00,9108.00],
  [9552.00,13552.00],
  [6688.00,4840.00],
  [7472.00,4840.00],
  [7648.00,4840.00],
  [12411.00,9548.00],
  [6688.00,4400.00],
  [7472.00,4400.00],
  [10384.00,13552.00],
  [656.00,6292.00],
  [720.00,11924.00],
  [15760.00,5808.00],
  [15760.00,11902.00],
  [15792.00,4708.00],
  [7200.00,9636.00],
  [7472.00,13761.00],
  [12443.00,7128.00],
  [176.00,6666.00],
  [336.00,12133.00],
  [6688.00,5060.00],
  [7472.00,5060.00],
  [7648.00,5060.00],
  [10992.00,13222.00],
  [6688.00,5280.00],
  [7472.00,5280.00],
  [7648.00,5280.00],
  [7344.00,9108.00],
  [7376.00,13761.00],
  [3728.00,7150.00],
  [3728.00,12210.00],
  [13328.00,9328.00],
  [13536.00,9328.00],
  [13744.00,5610.00],
  [14592.00,9328.00],
  [10448.00,13552.00],
  [2928.00,12034.00],
  [3408.00,6347.00],
  [4976.00,6160.00],
  [4976.00,12430.00],
  [5168.00,14520.00],
  [1424.00,6083.00],
  [1424.00,10362.00],
  [1648.00,12683.00],
  [10112.00,9328.00],
  [10128.00,10043.00],
  [10128.00,13552.00],
  [688.00,6292.00],
  [848.00,10769.00],
  [848.00,13002.00],
  [15728.00,14564.00],
  [15984.00,14564.00],
  [9936.00,10164.00],
  [9936.00,13552.00],
  [6800.00,9548.00],
  [6832.00,13057.00],
  [10064.00,10043.00],
  [10064.00,13552.00],
  [5264.00,5720.00],
  [5296.00,8448.00],
  [5328.00,12947.00],
  [4896.00,5368.00],
  [4912.00,6303.00],
  [4912.00,12430.00],
  [9712.00,13552.00],
  [18800.00,7205.00],
  [18800.00,11407.00],
  [19152.00,5082.00],
  [19152.00,6336.00],
  [12928.00,13596.00],
  [13312.00,13596.00],
  [14064.00,5280.00],
  [1488.00,6292.00],
  [1808.00,10395.00],
  [1808.00,12738.00],
  [4528.00,6567.00],
  [4528.00,12320.00],
  [6176.00,9328.00],
  [6192.00,13057.00],
  [7760.00,13552.00],
  [8816.00,13552.00],
  [6608.00,13057.00],
  [9104.00,13552.00],
  [7024.00,13376.00],
  [7024.00,11924.00],
  [9680.00,13552.00],
  [7408.00,6820.00],
  [7440.00,13761.00],
  [10736.00,10164.00],
  [10736.00,13442.00],
  [15888.00,11902.00],
  [15904.00,7832.00],
  [15920.00,5390.00],
  [12288.00,11440.00],
  [12336.00,5390.00],
  [17520.00,12265.00],
  [17616.00,6204.00],
  [17584.00,11935.00],
  [17648.00,6204.00],
  [624.00,6292.00],
  [1776.00,10516.00],
  [1776.00,12738.00],
  [17840.00,11935.00],
  [14128.00,5280.00],
  [16656.00,11682.00],
  [18000.00,6930.00],
  [16560.00,11682.00],
  [16592.00,9416.00],
  [16624.00,5577.00],
  [13264.00,5610.00],
  [10032.00,10164.00],
  [10032.00,13552.00],
  [17616.00,11935.00],
  [18363.00,8800.00],
  [18416.00,5016.00],
  [18416.00,6886.00],
  [944.00,6292.00],
  [1104.00,10505.00],
  [1104.00,12958.00],
  [12928.00,13288.00],
  [13312.00,13288.00],
  [17648.00,11935.00],
  [18832.00,4807.00],
  [18832.00,7447.00],
  [14768.00,7623.00],
  [14832.00,5808.00],
  [12880.00,5610.00],
  [7376.00,7260.00],
  [7408.00,13761.00],
  [17408.00,4708.00],
  [17424.00,6314.00],
  [17424.00,12265.00],
  [10512.00,13552.00],
  [15120.00,11792.00],
  [15172.00,7040.00],
  [15312.00,5808.00],
  [16496.00,5522.00],
  [16496.00,7216.00],
  [17872.00,11935.00],
  [7152.00,13541.00],
  [18032.00,6809.00],
  [18032.00,11517.00],
  [15136.00,6820.00],
  [15520.00,6820.00],
  [15664.00,5808.00],
  [17296.00,6193.00],
  [17296.00,12265.00],
  [16528.00,5577.00],
  [17328.00,12265.00],
  [8096.00,9636.00],
  [13332.00,14256.00],
  [13776.00,5610.00],
  [9520.00,13552.00],
  [9536.00,7260.00],
  [11984.00,10274.00],
  [8320.00,9328.00],
  [12068.00,10472.00],
  [12784.00,5610.00],
  [18704.00,6875.00],
  [18704.00,11407.00],
  [18864.00,4807.00],
  [13328.00,10252.00],
  [13547.00,10252.00],
  [13616.00,5610.00],
  [17808.00,11935.00],
  [3840.00,4620.00],
  [4752.00,5929.00],
  [4752.00,12430.00],
  [3840.00,14168.00],
  [4624.00,6314.00],
  [4624.00,12441.00],
  [4080.00,6963.00],
  [4848.00,12430.00],
  [1712.00,6083.00],
  [1712.00,10637.00],
  [1840.00,12738.00],
  [8720.00,13552.00],
  [13584.00,14564.00],
  [13680.00,5610.00],
  [15248.00,14564.00],
  [15472.00,14564.00],
  [16080.00,11902.00],
  [16144.00,5896.00],
  [14160.00,5280.00],
  [17040.00,11242.00],
  [17040.00,13871.00],
  [17104.00,6248.00],
  [15344.00,11902.00],
  [15440.00,5808.00],
  [15440.00,7634.00],
  [15056.00,11792.00],
  [15344.00,5808.00],
  [4176.00,12210.00],
  [4192.00,9812.00],
  [4208.00,6842.00],
  [18224.00,11517.00],
  [18320.00,5016.00],
  [18320.00,6886.00],
  [14992.00,5808.00],
  [14992.00,7634.00],
  [16272.00,11902.00],
  [16304.00,7832.00],
  [16336.00,5896.00],
  [9488.00,13552.00],
  [16944.00,5973.00],
  [16944.00,11242.00],
  [16944.00,13871.00],
  [17072.00,4092.00],
  [17072.00,4466.00],
  [17488.00,4092.00],
  [13504.00,8448.00],
  [13552.00,5610.00],
  [14704.00,5808.00],
  [15024.00,11825.00],
  [10320.00,13552.00],
  [10576.00,13442.00],
  [6368.00,9328.00],
  [6384.00,9889.00],
  [6384.00,13057.00],
  [13312.00,11660.00],
  [13536.00,11660.00],
  [14624.00,11660.00],
  [16368.00,11902.00],
  [16464.00,5687.00],
  [4368.00,6842.00],
  [5744.00,12947.00],
  [13168.00,5610.00],
  [16720.00,5577.00],
  [17136.00,12265.00],
  [18864.00,7425.00],
  [18864.00,11407.00],
  [19056.00,5027.00],
  [12907.00,13068.00],
  [12976.00,5610.00],
  [13312.00,13068.00],
  [15952.00,5390.00],
  [17456.00,12265.00],
  [5296.00,5720.00],
  [6688.00,8228.00],
  [8224.00,8228.00],
  [15600.00,5808.00],
  [16752.00,11572.00],
  [5936.00,12947.00],
  [528.00,6292.00],
  [2256.00,12034.00],
  [5968.00,12947.00],
  [4688.00,6050.00],
  [5488.00,12947.00],
  [13456.00,5610.00],
  [14928.00,5808.00],
  [14944.00,7040.00],
  [14960.00,7623.00],
  [4432.00,6688.00],
  [5520.00,12947.00],
  [15248.00,5808.00],
  [15472.00,10956.00],
  [16464.00,11781.00],
  [1776.00,4202.00],
  [2064.00,6281.00],
  [2064.00,11594.00],
  [14896.00,5808.00],
  [14896.00,7634.00],
  [15792.00,11902.00],
  [14560.00,7260.00],
  [13360.00,5610.00],
  [13392.00,8360.00],
  [4560.00,6435.00],
  [6688.00,8008.00],
  [8224.00,8008.00],
  [9968.00,10164.00],
  [9968.00,13552.00],
  [5040.00,5841.00],
  [6688.00,6600.00],
  [7472.00,6600.00],
  [7648.00,6600.00],
  [15136.00,6600.00],
  [15520.00,6600.00],
  [16016.00,11902.00],
  [16016.00,14564.00],
  [16032.00,14476.00],
  [16048.00,14564.00],
  [4928.00,5060.00],
  [4944.00,6149.00],
  [4944.00,12430.00],
  [14592.00,8448.00],
  [15856.00,11902.00],
  [5328.00,5720.00],
  [5344.00,6820.00],
  [5360.00,12947.00],
  [12368.00,5379.00],
  [14032.00,5489.00],
  [15216.00,13816.00],
  [5760.00,9592.00],
  [5776.00,12947.00],
  [9040.00,13552.00],
  [4848.00,6160.00],
  [4864.00,8228.00],
  [4880.00,12430.00],
  [18576.00,6875.00],
  [18576.00,11407.00],
  [18592.00,6072.00],
  [18608.00,4807.00],
  [16816.00,5665.00],
  [16816.00,11242.00],
  [16880.00,4092.00],
  [2864.00,6347.00],
  [2880.00,9152.00],
  [2896.00,12034.00],
  [18928.00,7546.00],
  [18928.00,11407.00],
  [18992.00,4862.00],
  [18992.00,5896.00],
  [6496.00,10692.00],
  [8256.00,10692.00],
  [9403.00,10692.00],
  [9456.00,13552.00],
  [15696.00,5808.00],
  [15696.00,11902.00],
  [16880.00,5819.00],
  [16880.00,11242.00],
  [16911.00,4488.00],
  [16944.00,4070.00],
  [16944.00,4312.00],
  [3216.00,6347.00],
  [3840.00,10252.00],
  [6352.00,13057.00],
  [13904.00,5610.00],
  [6116.00,11220.00],
  [6496.00,11220.00],
  [8256.00,11220.00],
  [9819.00,11220.00],
  [9872.00,13552.00],
  [17104.00,12265.00],
  [17168.00,6248.00],
  [17168.00,12265.00],
  [17232.00,5786.00],
  [4656.00,6171.00],
  [6688.00,7480.00],
  [6688.00,8888.00],
  [8224.00,8888.00],
  [10288.00,13552.00],
  [17744.00,11935.00],
  [9616.00,13552.00],
  [17232.00,12265.00],
  [17328.00,6314.00],
  [18896.00,7546.00],
  [18896.00,11407.00],
  [19088.00,4972.00],
  [19088.00,6116.00],
  [304.00,12133.00],
  [372.00,8404.00],
  [2455.00,8404.00],
  [2512.00,6028.00],
  [2512.00,8228.00],
  [2640.00,12034.00],
  [5680.00,5841.00],
  [6688.00,6380.00],
  [7472.00,6380.00],
  [7648.00,6380.00],
  [10704.00,10164.00],
  [10704.00,13442.00],
  [4304.00,6842.00],
  [4304.00,12210.00],
  [2128.00,6292.00],
  [2448.00,12034.00],
  [3184.00,12034.00],
  [3568.00,6666.00],
  [3664.00,12540.00],
  [5424.00,5720.00],
  [6688.00,7040.00],
  [7648.00,7040.00],
  [15568.00,11902.00],
  [15600.00,7832.00],
  [15632.00,5808.00],
  [16112.00,11902.00],
  [16176.00,5896.00],
  [5392.00,5720.00],
  [6688.00,8448.00],
  [8224.00,8448.00],
  [4592.00,6314.00],
  [4656.00,12320.00],
  [3920.00,7150.00],
  [3920.00,12210.00],
  [14192.00,5280.00],
  [2384.00,6083.00],
  [2432.00,9372.00],
  [2480.00,12034.00],
  [2928.00,6347.00],
  [3024.00,12034.00],
  [5168.00,5720.00],
  [6496.00,11000.00],
  [8256.00,11000.00],
  [9824.00,11000.00],
  [2544.00,6083.00],
  [2832.00,12034.00],
  [1808.00,6402.00],
  [2000.00,10626.00],
  [2000.00,12628.00],
  [2000.00,4092.00],
  [2192.00,6171.00],
  [2192.00,12034.00],
  [11264.00,9548.00],
  [8656.00,13552.00],
  [1008.00,6292.00],
  [1008.00,10747.00],
  [1168.00,12958.00],
  [1296.00,6292.00],
  [1296.00,10362.00],
  [1392.00,13024.00],
  [1360.00,6083.00],
  [1360.00,10362.00],
  [1552.00,12793.00],
  [2032.00,6402.00],
  [2224.00,12034.00],
  [592.00,6292.00],
  [752.00,11924.00],
  [1744.00,6083.00],
  [1744.00,10516.00],
  [2032.00,12507.00],
  [4336.00,12210.00],
  [5104.00,5720.00],
  [2096.00,6292.00],
  [2288.00,12034.00],
  [3056.00,6347.00],
  [3088.00,9152.00],
  [3120.00,12034.00],
  [3248.00,6347.00],
  [3840.00,10032.00],
  [3995.00,10032.00],
  [4048.00,12210.00],
  [3472.00,14520.00],
  [3840.00,14388.00],
  [4272.00,6842.00],
  [4272.00,12210.00],
  [4368.00,14520.00],
  [17552.00,14443.00],
  [18416.00,14234.00],
  [2544.00,12034.00],
  [2960.00,6347.00],
  [12896.00,14256.00],
  [13232.00,14564.00],
  [13360.00,14564.00],
  [12752.00,14564.00],
  [13008.00,14564.00],
  [8256.00,13816.00],
  [2992.00,6347.00],
  [3056.00,12034.00],
  [2640.00,4092.00],
  [2720.00,4180.00],
  [2800.00,6435.00],
  [2800.00,12034.00],
  [17136.00,6248.00],
  [17264.00,12265.00],
  [16784.00,5577.00],
  [17008.00,11242.00],
  [17008.00,13871.00],
  [3088.00,12034.00],
  [3344.00,6347.00],
  [2288.00,6083.00],
  [2715.00,9152.00],
  [2768.00,12034.00],
  [3344.00,12133.00],
  [3696.00,7150.00],
  [1936.00,6402.00],
  [2459.00,8712.00],
  [2512.00,12034.00],
  [16432.00,5687.00],
  [16976.00,11242.00],
  [16976.00,13871.00],
  [16080.00,5896.00],
  [16720.00,11572.00],
  [3376.00,12254.00],
  [3840.00,9152.00],
  [4048.00,7271.00],
  [3632.00,7029.00],
  [3632.00,12540.00],
  [3840.00,5148.00],
  [15728.00,5808.00],
  [16688.00,11561.00],
  [15376.00,5808.00],
  [15376.00,7634.00],
  [16432.00,11902.00],
  [13392.00,5610.00],
  [12816.00,5610.00],
  [13328.00,10472.00],
  [13552.00,10472.00],
  [13104.00,5610.00],
  [13312.00,11352.00],
  [13536.00,11352.00],
  [12800.00,10692.00],
  [13328.00,10692.00],
  [13547.00,10692.00],
  [13232.00,5610.00],
  [13316.00,10912.00],
  [13536.00,10912.00],
  [13328.00,9944.00],
  [13536.00,9944.00],
  [13520.00,5610.00],
  [14592.00,8228.00],
  [12944.00,5610.00],
  [13312.00,11132.00],
  [13536.00,11132.00],
  [15024.00,5808.00],
  [15024.00,7634.00],
  [15472.00,10736.00],
  [16400.00,11902.00],
  [17552.00,6314.00],
  [18992.00,11286.00],
  [14672.00,5808.00],
  [16144.00,11902.00],
  [14592.00,9108.00],
  [14880.00,9108.00],
  [15920.00,11902.00],
  [400.00,14520.00],
  [485.00,14036.00],
  [928.00,14036.00],
  [1296.00,14036.00],
  [400.00,14212.00],
  [432.00,14564.00],
  [500.00,14476.00],
  [928.00,14476.00],
  [2672.00,14564.00],
  [14592.00,8888.00],
  [14880.00,8888.00],
  [15952.00,11902.00],
  [13872.00,5610.00],
  [14592.00,9636.00],
  [15376.00,11902.00],
  [15392.00,14256.00],
  [12896.00,12848.00],
  [13312.00,12848.00],
  [10224.00,10153.00],
  [10224.00,13552.00],
  [17712.00,11935.00],
  [18128.00,7106.00],
  [18128.00,11517.00],
  [17360.00,6314.00],
  [17360.00,12265.00],
  [18160.00,4092.00],
  [18491.00,4180.00],
  [18544.00,4895.00],
  [18544.00,6886.00],
  [18544.00,11407.00],
  [13968.00,9108.00],
  [14000.00,5610.00],
  [18096.00,4543.00],
  [18688.00,5852.00],
  [18960.00,7546.00],
  [18960.00,11407.00],
  [13712.00,5610.00],
  [2160.00,6292.00],
  [3600.00,12540.00],
  [17392.00,6314.00]
]