[
  [4003.20,2997.90],
  [3602.88,2498.25],
  [3953.16,2848.00],
  [4153.31,2947.93],
  [4353.48,2748.07],
  [4653.72,2448.28],
  [4703.75,2598.18],
  [5304.24,2698.11],
  [5154.11,3047.86],
  [4453.55,3547.51],
  [4553.64,3747.37],
  [4853.88,3947.23],
  [5204.16,4097.13],
  [5304.24,3997.20],
  [5454.35,3647.44],
  [5454.35,3847.30],
  [5404.31,4097.13],
  [5454.35,4047.16],
  [5454.35,4147.09],
  [5354.27,4147.09],
  [5304.24,4496.85],
  [5304.24,4596.77],
  [5354.27,4746.67],
  [5154.11,4946.53],
  [5054.03,4846.60],
  [5054.03,4646.74],
  [4853.88,4446.88],
  [4853.88,4346.95],
  [4853.88,4247.02],
  [4703.75,3997.20],
  [4553.64,4047.16],
  [4653.72,4346.95],
  [4853.88,4846.60],
  [4753.79,4946.53],
  [4903.92,5096.42],
  [4853.88,5046.46],
  [4553.64,5446.18],
  [4853.88,5646.04],
  [4953.96,5845.90],
  [5054.03,5546.11],
  [5054.03,5346.25],
  [5154.11,5546.11],
  [5304.24,5795.94],
  [5404.31,5696.01],
  [5454.35,5646.04],
  [5554.44,5546.11],
  [5554.44,5146.39],
  [5604.48,5296.29],
  [5754.59,5646.04],
  [5604.48,5795.94],
  [5454.35,5945.83],
  [5354.27,6045.76],
  [5254.20,6145.69],
  [4953.96,6145.69],
  [4603.68,6295.59],
  [4553.64,6045.76],
  [4503.59,5895.87],
  [4453.55,6145.69],
  [4453.55,6245.62],
  [4403.51,6695.31],
  [4253.40,6545.41],
  [4303.44,6795.24],
  [4303.44,6895.16],
  [4103.27,6995.09],
  [4253.40,7144.99],
  [4403.51,7194.96],
  [5054.03,7144.99],
  [5354.27,7045.06],
  [5104.07,6895.16],
  [5004.00,6795.24],
  [5204.16,6495.44],
  [5354.27,6645.34],
  [5504.40,6395.51],
  [5704.55,6595.38],
  [5804.64,6395.51],
  [5854.68,6345.55],
  [6154.92,6045.76],
  [6605.27,5696.01],
  [6655.31,5646.04],
  [6655.31,5745.97],
  [6505.20,5995.79],
  [6355.07,5646.04],
  [5904.72,5296.29],
  [5604.48,4796.64],
  [5754.59,4946.53],
  [5904.72,4896.57],
  [5954.76,4846.60],
  [6004.79,4996.50],
  [6355.07,5146.39],
  [6505.20,4996.50],
  [6405.11,4896.57],
  [6255.00,4946.53],
  [6655.31,4546.81],
  [6555.24,4546.81],
  [6555.24,3947.23],
  [6455.16,3947.23],
  [6455.16,4047.16],
  [6305.03,4296.98],
  [6255.00,4546.81],
  [5754.59,4646.74],
  [5804.64,4296.98],
  [6004.79,4296.98],
  [5854.68,4047.16],
  [5854.68,3947.23],
  [5754.59,3647.44],
  [5804.64,3697.40],
  [5854.68,3747.37],
  [6154.92,3947.23],
  [6605.27,3497.55],
  [6655.31,3547.51],
  [6555.24,3547.51],
  [6605.27,3297.68],
  [6555.24,3347.65],
  [6605.27,3097.83],
  [6455.16,3347.65],
  [6305.03,3297.68],
  [6305.03,3497.55],
  [6154.92,3347.65],
  [6154.92,3447.58],
  [6255.00,3147.79],
  [6104.88,3197.75],
  [5454.35,3247.72],
  [5554.44,3347.65],
  [5754.59,3047.86],
  [5654.51,2848.00],
  [5654.51,2748.07],
  [5604.48,2598.18],
  [5854.68,2947.93],
  [5854.68,3047.86],
  [5954.76,2848.00],
  [6054.83,2848.00],
  [6455.16,2748.07],
  [6154.92,2448.28],
  [6104.88,2598.18],
  [6054.83,2548.21],
  [6004.79,2398.31],
  [5654.51,2348.35],
  [6355.07,1648.84],
  [6405.11,1598.88],
  [6455.16,1648.84],
  [6805.44,1598.88],
  [6905.51,1498.94],
  [6955.55,1548.91],
  [6905.51,1598.88],
  [7005.59,1698.81],
  [7105.68,1698.81],
  [7055.64,1548.91],
  [7005.59,1498.94],
  [7105.68,1399.01],
  [7205.76,1399.01],
  [7255.79,1448.98],
  [7355.88,1448.98],
  [7355.88,1648.84],
  [7455.96,1648.84],
  [7806.24,1598.88],
  [7906.31,1598.88],
  [7906.31,1498.94],
  [7956.35,1548.91],
  [8006.40,1498.94],
  [8056.44,1548.91],
  [8106.48,1399.01],
  [8206.55,1399.01],
  [8256.59,1448.98],
  [8356.68,1448.98],
  [8006.40,1698.81],
  [8106.48,1698.81],
  [8356.68,1648.84],
  [8456.76,1648.84],
  [8807.03,1598.88],
  [8907.11,1498.94],
  [8957.16,1548.91],
  [8907.11,1598.88],
  [9007.20,1698.81],
  [9107.27,1698.81],
  [9057.24,1548.91],
  [9007.20,1498.94],
  [9107.27,1399.01],
  [9207.35,1399.01],
  [9257.40,1448.98],
  [9357.48,1448.98],
  [9357.48,1648.84],
  [9457.55,1648.84],
  [9807.83,1598.88],
  [9907.92,1598.88],
  [9907.92,1498.94],
  [9957.96,1548.91],
  [10008.00,1498.94],
  [10058.00,1548.91],
  [10008.00,1698.81],
  [10108.10,1698.81],
  [10358.30,1648.84],
  [10408.30,1598.88],
  [10458.30,1648.84],
  [10858.70,2348.35],
  [10808.60,2598.18],
  [11259.00,2848.00],
  [11158.90,2848.00],
  [10958.80,2848.00],
  [10658.50,2748.07],
  [10658.50,3047.86],
  [10408.30,2997.90],
  [10408.30,2897.96],
  [10358.30,2848.00],
  [10458.30,2748.07],
  [10358.30,2448.28],
  [9807.83,2598.18],
  [10158.10,3047.86],
  [9957.96,3047.86],
  [9757.79,3147.79],
  [9757.79,2748.07],
  [9707.76,2798.03],
  [9657.72,2848.00],
  [9607.68,2798.03],
  [9357.48,2848.00],
  [9207.35,2798.03],
  [9257.40,2947.93],
  [9657.72,3147.79],
  [9457.55,3447.58],
  [9557.64,3747.37],
  [9357.48,3947.23],
  [9757.79,3847.30],
  [9707.76,3997.20],
  [9807.83,3997.20],
  [10158.10,4047.16],
  [9807.83,4396.92],
  [9857.88,4346.95],
  [9907.92,4396.92],
  [10108.10,4396.92],
  [10108.10,4496.85],
  [10208.20,4396.92],
  [10308.20,4496.85],
  [10408.30,4197.05],
  [10408.30,4097.13],
  [10658.50,4047.16],
  [10808.60,4296.98],
  [10808.60,4396.92],
  [10508.40,4496.85],
  [10508.40,4596.77],
  [10708.50,4596.77],
  [10808.60,4696.70],
  [10408.30,4996.50],
  [10508.40,4996.50],
  [10508.40,5196.35],
  [10808.60,4996.50],
  [10908.70,4996.50],
  [10858.70,4946.53],
  [11008.80,4696.70],
  [11259.00,4546.81],
  [11108.90,4396.92],
  [11008.80,4296.98],
  [11008.80,4396.92],
  [11108.90,4296.98],
  [11259.00,4147.09],
  [11559.20,3847.30],
  [11359.10,4047.16],
  [11359.10,3747.37],
  [11158.90,3747.37],
  [10958.80,3847.30],
  [10558.40,3347.65],
  [10358.30,3547.51],
  [10558.40,3647.44],
  [10808.60,3497.55],
  [10858.70,3647.44],
  [11259.00,3347.65],
  [11359.10,3547.51],
  [11559.20,3447.58],
  [11509.20,3097.83],
  [12009.60,2997.90],
  [12259.80,2848.00],
  [11959.50,2448.28],
  [11859.50,2548.21],
  [12009.60,2698.11],
  [12259.80,2548.21],
  [12810.20,2398.31],
  [12560.00,2748.07],
  [12660.10,2947.93],
  [12460.00,2947.93],
  [12359.90,3147.79],
  [12359.90,3347.65],
  [12259.80,3447.58],
  [12710.20,3797.33],
  [12460.00,3847.30],
  [12159.70,3847.30],
  [12159.70,3947.23],
  [12009.60,4097.13],
  [11859.50,4047.16],
  [11959.50,4446.88],
  [12009.60,4396.92],
  [12159.70,4346.95],
  [12560.00,4446.88],
  [12409.90,4496.85],
  [12309.80,4596.77],
  [12460.00,4746.67],
  [12460.00,4846.60],
  [12460.00,4946.53],
  [12760.20,4946.53],
  [12760.20,5146.39],
  [12460.00,5146.39],
  [12510.00,5196.35],
  [12460.00,5246.32],
  [12259.80,5046.46],
  [12159.70,5246.32],
  [12059.60,4946.53],
  [11809.40,4996.50],
  [11859.50,5346.25],
  [11659.30,5646.04],
  [11509.20,5296.29],
  [11509.20,5096.42],
  [11609.30,4896.57],
  [11559.20,4446.88],
  [11609.30,4396.92],
  [11659.30,4546.81],
  [11409.10,4896.57],
  [11309.00,4896.57],
  [11459.20,5046.46],
  [11359.10,5246.32],
  [11359.10,5446.18],
  [11659.30,5745.97],
  [11859.50,5646.04],
  [12159.70,5546.11],
  [12259.80,5845.90],
  [12059.60,6045.76],
  [12159.70,6145.69],
  [12009.60,6295.59],
  [12159.70,6545.41],
  [12359.90,5945.83],
  [12460.00,6045.76],
  [12710.20,6495.44],
  [12560.00,6545.41],
  [12510.00,6595.38],
  [12259.80,6845.20],
  [12109.70,6795.24],
  [12109.70,6895.16],
  [11909.50,6795.24],
  [12109.70,6995.09],
  [12309.80,7194.96],
  [12309.80,7294.88],
  [12460.00,7144.99],
  [12710.20,6795.24],
  [12710.20,6995.09],
  [12710.20,7095.03],
  [13010.40,6995.09],
  [13260.60,7344.85],
  [13160.50,6745.27],
  [13060.40,6445.48],
  [13310.60,6595.38],
  [13310.60,6695.31],
  [13460.80,6545.41],
  [13160.50,6145.69],
  [12560.00,5646.04],
  [12510.00,5696.01],
  [12710.20,5795.94],
  [12960.30,5646.04],
  [12960.30,5845.90],
  [13260.60,6045.76],
  [13360.70,6045.76],
  [13460.80,6145.69],
  [13460.80,5845.90],
  [13711.00,5496.14],
  [13861.10,5646.04],
  [13660.90,5745.97],
  [13560.80,5745.97],
  [13360.70,5646.04],
  [13360.70,5446.18],
  [13260.60,5246.32],
  [13560.80,5346.25],
  [13560.80,5246.32],
  [13711.00,5196.35],
  [13660.90,5146.39],
  [13360.70,4946.53],
  [13160.50,4746.67],
  [13460.80,4646.74],
  [13310.60,4496.85],
  [12960.30,4047.16],
  [13260.60,4247.02],
  [13610.90,4197.05],
  [13961.20,4346.95],
  [14011.20,4396.92],
  [14061.20,4147.09],
  [13961.20,4147.09],
  [13961.20,3947.23],
  [13961.20,3847.30],
  [13761.00,3747.37],
  [13610.90,3797.33],
  [13360.70,3747.37],
  [13460.80,3647.44],
  [13560.80,3547.51],
  [13861.10,3347.65],
  [12860.30,3047.86],
  [12960.30,3147.79],
  [13460.80,2448.28],
  [13811.00,2498.25],
  [13811.00,2897.96],
  [14061.20,2848.00],
  [14111.30,2798.03],
  [14261.40,2947.93],
  [14461.50,2947.93],
  [14661.70,2848.00],
  [14661.70,3047.86],
  [14761.80,3147.79],
  [14861.90,3147.79],
  [15012.00,3197.75],
  [14811.80,3197.75],
  [14411.50,3297.68],
  [14361.50,3247.72],
  [14161.30,3547.51],
  [14461.50,3847.30],
  [14561.60,3847.30],
  [14761.80,3847.30],
  [14761.80,4047.16],
  [14861.90,4147.09],
  [14861.90,4346.95],
  [14962.00,4047.16],
  [15162.10,3747.37],
  [15162.10,3847.30],
  [15362.30,3547.51],
  [15412.30,3497.55],
  [15462.30,3547.51],
  [15362.30,3747.37],
  [15062.00,4147.09],
  [15062.00,4247.02],
  [15162.10,4247.02],
  [15412.30,4197.05],
  [15562.40,3947.23],
  [15562.40,3847.30],
  [15662.50,3847.30],
  [15862.70,3647.44],
  [15162.10,2848.00],
  [15262.20,2548.21],
  [15362.30,2947.93],
  [15412.30,2897.96],
  [15562.40,2947.93],
  [15862.70,2947.93],
  [16012.80,2798.03],
  [16062.80,2947.93],
  [16112.90,2798.03],
  [16263.00,2548.21],
  [16263.00,2848.00],
  [16263.00,3047.86],
  [16263.00,3147.79],
  [16213.00,3497.55],
  [16363.10,3547.51],
  [16513.20,3297.68],
  [16563.20,3347.65],
  [16763.40,3447.58],
  [16963.60,3547.51],
  [16563.20,3847.30],
  [16513.20,3797.33],
  [16613.30,3997.20],
  [16763.40,4047.16],
  [16963.60,3747.37],
  [17013.60,3897.27],
  [17363.90,4147.09],
  [17363.90,4346.95],
  [17213.80,4396.92],
  [16813.40,4396.92],
  [16763.40,4346.95],
  [16663.30,4247.02],
  [16613.30,4396.92],
  [16463.20,4946.53],
  [16263.00,4946.53],
  [16213.00,4596.77],
  [16112.90,4696.70],
  [15762.60,4646.74],
  [15862.70,5246.32],
  [15462.30,5446.18],
  [15762.60,5446.18],
  [15862.70,5546.11],
  [15912.70,5596.07],
  [15662.50,5546.11],
  [15662.50,5646.04],
  [15662.50,5745.97],
  [15562.40,5646.04],
  [15562.40,5745.97],
  [15762.60,5945.83],
  [15812.60,5895.87],
  [16062.80,5945.83],
  [15962.80,6045.76],
  [15912.70,6295.59],
  [15762.60,6145.69],
  [15762.60,6245.62],
  [15462.30,6145.69],
  [15412.30,6095.72],
  [14661.70,4946.53],
  [14461.50,4946.53],
  [14411.50,4696.70],
  [14261.40,4846.60],
  [14161.30,4846.60],
  [14161.30,5046.46],
  [13961.20,5046.46],
  [14361.50,5446.18],
  [14461.50,5446.18],
  [14361.50,5546.11],
  [14161.30,5646.04],
  [14561.60,5845.90],
  [14962.00,6045.76],
  [15012.00,6295.59],
  [14611.70,6295.59],
  [14411.50,6295.59],
  [14461.50,6445.48],
  [14461.50,6545.41],
  [14611.70,6495.44],
  [14911.90,6595.38],
  [14962.00,6745.27],
  [14461.50,6945.13],
  [14061.20,6745.27],
  [14211.30,6395.51],
  [14011.20,6295.59],
  [14011.20,6395.51],
  [14011.20,6595.38],
  [13961.20,6645.34],
  [14061.20,6845.20],
  [14011.20,6795.24],
  [14461.50,7344.85],
  [15062.00,6945.13],
  [15112.10,6895.16],
  [15112.10,6995.09],
  [15062.00,6645.34],
  [15262.20,6545.41],
  [15212.20,6695.31],
  [15262.20,6945.13],
  [15312.20,6995.09],
  [15362.30,7045.06],
  [15512.40,6995.09],
  [15662.50,6745.27],
  [15962.80,6445.48],
  [16112.90,6395.51],
  [16112.90,6295.59],
  [16263.00,6245.62],
  [16313.00,6295.59],
  [16263.00,6445.48],
  [15962.80,6645.34],
  [16162.90,6845.20],
  [16513.20,6895.16],
  [16463.20,7144.99],
  [16913.50,6995.09],
  [16963.60,6945.13],
  [17213.80,7095.03],
  [16713.30,6695.31],
  [16813.40,6395.51],
  [16863.50,6445.48],
  [17013.60,6595.38],
  [17263.80,6645.34],
  [17313.80,6495.44],
  [17864.30,6245.62],
  [17564.00,6245.62],
  [17363.90,6245.62],
  [17363.90,5945.83],
  [17013.60,6195.66],
  [16563.20,6145.69],
  [16563.20,6045.76],
  [16763.40,5845.90],
  [16863.50,5646.04],
  [16463.20,5346.25],
  [16563.20,5146.39],
  [16663.30,4946.53],
  [16863.50,5046.46],
  [16963.60,4846.60],
  [17113.70,4696.70],
  [17013.60,4896.57],
  [17013.60,4996.50],
  [16963.60,5146.39],
  [17163.70,5146.39],
  [17163.70,5246.32],
  [17263.80,5346.25],
  [17413.90,5096.42],
  [17464.00,5046.46],
  [17614.10,5096.42],
  [17864.30,4746.67],
  [17764.20,4846.60],
  [17564.00,4646.74],
  [17814.20,5196.35],
  [17914.30,5396.22],
  [17964.30,5546.11],
  [18164.50,5745.97],
  [18264.60,5745.97],
  [18364.70,5646.04],
  [18464.80,5646.04],
  [18264.60,5546.11],
  [18364.70,5346.25],
  [18464.80,5246.32],
  [18564.80,5046.46],
  [18464.80,5046.46],
  [18364.70,5046.46],
  [18264.60,5146.39],
  [18264.60,4946.53],
  [18164.50,4846.60],
  [18064.40,4946.53],
  [18064.40,4746.67],
  [18164.50,4646.74],
  [18264.60,4646.74],
  [17764.20,4147.09],
  [17764.20,4047.16],
  [17614.10,3997.20],
  [17564.00,4047.16],
  [17564.00,3847.30],
  [17464.00,3647.44],
  [17263.80,3647.44],
  [17063.60,3347.65],
  [16863.50,3247.72],
  [16513.20,2798.03],
  [16663.30,2848.00],
  [16813.40,2798.03],
  [17013.60,2997.90],
  [16963.60,2947.93],
  [17113.70,2798.03],
  [17363.90,2947.93],
  [17464.00,2748.07],
  [17363.90,2848.00],
  [16963.60,2448.28],
  [16863.50,2448.28],
  [16813.40,1698.81],
  [16963.60,1648.84],
  [16763.40,1448.98],
  [16563.20,1349.05],
  [16713.30,1299.09],
  [16913.50,1399.01],
  [17063.60,1349.05],
  [17113.70,1598.88],
  [17263.80,1548.91],
  [17313.80,1698.81],
  [17464.00,1648.84],
  [17413.90,1498.94],
  [17213.80,1299.09],
  [17564.00,1448.98],
  [17614.10,1598.88],
  [17714.20,1399.01],
  [17764.20,1548.91],
  [17864.30,1349.05],
  [18014.40,1299.09],
  [18064.40,1448.98],
  [17914.30,1498.94],
  [18114.50,1698.81],
  [18264.60,1648.84],
  [18414.70,1598.88],
  [18214.60,1399.01],
  [18364.70,1349.05],
  [18514.80,1299.09],
  [18614.90,1299.09],
  [18664.90,1349.05],
  [18614.90,1399.01],
  [18614.90,1498.94],
  [18664.90,1548.91],
  [18664.90,1448.98],
  [18715.00,1399.01],
  [18715.00,1299.09],
  [18765.00,1349.05],
  [18815.00,1299.09],
  [18815.00,1399.01],
  [18865.10,1349.05],
  [18915.10,1299.09],
  [18915.10,1399.01],
  [18865.10,1448.98],
  [18915.10,1498.94],
  [18915.10,1598.88],
  [18915.10,1698.81],
  [18865.10,1648.84],
  [18815.00,1598.88],
  [18865.10,1548.91],
  [18815.00,1498.94],
  [18765.00,1448.98],
  [18715.00,1498.94],
  [18765.00,1548.91],
  [18715.00,1598.88],
  [18765.00,1648.84],
  [18815.00,1698.81],
  [18715.00,1698.81],
  [18664.90,1648.84],
  [18614.90,1598.88],
  [18614.90,1698.81],
  [17864.30,2548.21],
  [18414.70,2598.18],
  [18564.80,2448.28],
  [18364.70,2848.00],
  [18264.60,2947.93],
  [18564.80,3047.86],
  [18715.00,2897.96],
  [18915.10,2698.11],
  [18815.00,2897.96],
  [18614.90,3297.68],
  [18564.80,3347.65],
  [18464.80,3447.58],
  [17864.30,2848.00],
  [17864.30,3147.79],
  [17964.30,3547.51],
  [18064.40,3847.30],
  [18214.60,3997.20],
  [18264.60,3947.23],
  [18364.70,3847.30],
  [18464.80,3747.37],
  [18715.00,4197.05],
  [18664.90,4247.02],
  [18464.80,4247.02],
  [18264.60,4247.02],
  [18364.70,4346.95],
  [18514.80,4596.77],
  [18414.70,4696.70],
  [18664.90,4846.60],
  [18915.10,4696.70],
  [18965.20,4646.74],
  [18865.10,4546.81],
  [18865.10,4047.16],
  [18865.10,3947.23],
  [18815.00,3797.33],
  [18865.10,3847.30],
  [19015.20,4097.13],
  [19115.30,4197.05],
  [19215.30,4197.05],
  [19465.60,3947.23],
  [19465.60,3847.30],
  [19465.60,3747.37],
  [19115.30,3297.68],
  [19365.50,3247.72],
  [19465.60,2947.93],
  [19365.50,2848.00],
  [19115.30,2698.11],
  [19365.50,2548.21],
  [19715.80,2498.25],
  [21317.00,2098.53],
  [19515.60,4097.13],
  [19365.50,4147.09],
  [19315.40,4197.05],
  [19165.30,4646.74],
  [19365.50,4746.67],
  [19215.30,5096.42],
  [19015.20,5196.35],
  [19115.30,5296.29],
  [19215.30,5296.29],
  [19115.30,5496.14],
  [18915.10,5995.79],
  [18965.20,5945.83],
  [19415.50,6295.59],
  [19715.80,7194.96],
  [18815.00,6195.66],
  [18664.90,6145.69],
  [18464.80,5845.90],
  [18164.50,6045.76],
  [18164.50,6145.69],
  [18464.80,6545.41],
  [18214.60,6595.38],
  [18114.50,6895.16],
  [18314.60,7194.96],
  [18214.60,7194.96],
  [18164.50,7144.99],
  [18064.40,7144.99],
  [18014.40,7194.96],
  [17964.30,7144.99],
  [17764.20,7144.99],
  [17464.00,7344.85],
  [16863.50,8344.15],
  [16813.40,8394.11],
  [16763.40,8344.15],
  [16413.10,8394.11],
  [16313.00,8494.05],
  [16263.00,8444.08],
  [16313.00,8394.11],
  [16213.00,8294.18],
  [16112.90,8294.18],
  [16162.90,8444.08],
  [16213.00,8494.05],
  [16112.90,8593.98],
  [16012.80,8593.98],
  [15962.80,8544.01],
  [15862.70,8544.01],
  [15862.70,8344.15],
  [15762.60,8344.15],
  [15412.30,8394.11],
  [15312.20,8394.11],
  [15312.20,8494.05],
  [15262.20,8444.08],
  [15212.20,8494.05],
  [15112.10,8593.98],
  [15012.00,8593.98],
  [14962.00,8544.01],
  [14861.90,8544.01],
  [15162.10,8444.08],
  [15212.20,8294.18],
  [15112.10,8294.18],
  [14861.90,8344.15],
  [14761.80,8344.15],
  [14411.50,8394.11],
  [14311.40,8494.05],
  [14261.40,8444.08],
  [14311.40,8394.11],
  [14211.30,8294.18],
  [14111.30,8294.18],
  [14161.30,8444.08],
  [14211.30,8494.05],
  [14111.30,8593.98],
  [14011.20,8593.98],
  [13961.20,8544.01],
  [13861.10,8544.01],
  [13861.10,8344.15],
  [13761.00,8344.15],
  [13410.70,8394.11],
  [13310.60,8394.11],
  [13310.60,8494.05],
  [13260.60,8444.08],
  [13210.50,8494.05],
  [13160.50,8444.08],
  [13210.50,8294.18],
  [13110.50,8294.18],
  [12860.30,8344.15],
  [12810.20,8394.11],
  [12760.20,8344.15],
  [11509.20,7194.96],
  [11259.00,6845.20],
  [11008.80,7095.03],
  [10758.60,6945.13],
  [11008.80,6795.24],
  [11008.80,6695.31],
  [11108.90,6495.44],
  [11509.20,6495.44],
  [11108.90,6095.72],
  [11158.90,5945.83],
  [11259.00,5546.11],
  [11008.80,5795.94],
  [10708.50,6095.72],
  [10358.30,5646.04],
  [10408.30,5795.94],
  [10458.30,6045.76],
  [10308.20,6295.59],
  [10208.20,6395.51],
  [10208.20,6495.44],
  [10358.30,6845.20],
  [10208.20,6795.24],
  [9757.79,6745.27],
  [9407.51,6795.24],
  [9457.55,6945.13],
  [9757.79,7045.06],
  [10058.00,7144.99],
  [9807.83,6895.16],
  [9757.79,6445.48],
  [9907.92,6295.59],
  [10158.10,6145.69],
  [9957.96,5945.83],
  [10158.10,5845.90],
  [9757.79,5845.90],
  [10158.10,5346.25],
  [10358.30,5146.39],
  [10158.10,5146.39],
  [10158.10,4946.53],
  [10058.00,4846.60],
  [10058.00,4946.53],
  [10008.00,5096.42],
  [9957.96,5046.46],
  [9657.72,5046.46],
  [9607.68,5096.42],
  [9557.64,5146.39],
  [9557.64,5046.46],
  [9457.55,4946.53],
  [9657.72,4946.53],
  [10058.00,4546.81],
  [9907.92,4596.77],
  [9607.68,4596.77],
  [9707.76,4396.92],
  [9557.64,4346.95],
  [9457.55,4247.02],
  [9557.64,4147.09],
  [9557.64,4247.02],
  [9057.24,4147.09],
  [8957.16,4047.16],
  [8957.16,3847.30],
  [9057.24,3847.30],
  [9057.24,3747.37],
  [8957.16,3447.58],
  [9007.20,2798.03],
  [8757.00,2848.00],
  [8356.68,3047.86],
  [8156.51,2748.07],
  [8156.51,3047.86],
  [8056.44,3047.86],
  [7956.35,2947.93],
  [7856.27,2848.00],
  [7756.20,2548.21],
  [7756.20,2448.28],
  [7656.11,2548.21],
  [7706.16,2798.03],
  [7606.07,2798.03],
  [7856.27,3147.79],
  [7756.20,3347.65],
  [7556.03,3447.58],
  [6955.55,3247.72],
  [6955.55,2848.00],
  [7105.68,2598.18],
  [7055.64,2848.00],
  [7105.68,2798.03],
  [6755.40,3247.72],
  [7005.59,3497.55],
  [6955.55,3847.30],
  [7005.59,3897.27],
  [6755.40,4147.09],
  [7155.72,3847.30],
  [7255.79,4147.09],
  [7556.03,4247.02],
  [7305.83,4496.85],
  [7506.00,4596.77],
  [7455.96,4846.60],
  [7656.11,4846.60],
  [7856.27,4346.95],
  [7756.20,4147.09],
  [8056.44,4247.02],
  [8056.44,4047.16],
  [8106.48,3997.20],
  [8156.51,3947.23],
  [8156.51,4047.16],
  [8356.68,3947.23],
  [8556.83,3847.30],
  [8356.68,3547.51],
  [8556.83,3547.51],
  [8606.88,3597.48],
  [8656.92,3947.23],
  [8606.88,3997.20],
  [8656.92,4147.09],
  [8757.00,4247.02],
  [8606.88,4296.98],
  [8506.79,4496.85],
  [8757.00,4646.74],
  [8907.11,4396.92],
  [9007.20,4596.77],
  [9107.27,4396.92],
  [9207.35,4596.77],
  [9057.24,4846.60],
  [8757.00,4846.60],
  [8606.88,4996.50],
  [8556.83,4846.60],
  [8356.68,4946.53],
  [8356.68,5646.04],
  [8456.76,5945.83],
  [8356.68,5845.90],
  [8356.68,5945.83],
  [8356.68,6145.69],
  [8356.68,6245.62],
  [8306.64,6395.51],
  [8957.16,6045.76],
  [9057.24,6045.76],
  [9157.31,5945.83],
  [9057.24,5745.97],
  [9507.59,5895.87],
  [9157.31,6245.62],
  [9007.20,6495.44],
  [8807.03,6995.09],
  [8256.59,7144.99],
  [8406.72,7294.88],
  [8106.48,6995.09],
  [8106.48,6895.16],
  [8056.44,6845.20],
  [7906.31,6895.16],
  [7656.11,6445.48],
  [7355.88,6145.69],
  [7656.11,5945.83],
  [7856.27,5745.97],
  [8106.48,5696.01],
  [7956.35,5945.83],
  [7455.96,5945.83],
  [7355.88,5845.90],
  [7055.64,6145.69],
  [6905.51,5895.87],
  [6955.55,6045.76],
  [6955.55,6145.69],
  [6855.48,6145.69],
  [6855.48,6245.62],
  [7005.59,6295.59],
  [7255.79,6345.55],
  [6905.51,6895.16],
  [7806.24,6995.09],
  [8006.40,7294.88],
  [7906.31,7294.88],
  [7756.20,7344.85],
  [6655.31,8643.94],
  [6455.16,8544.01],
  [6505.20,8693.90],
  [6305.03,8593.98],
  [6154.92,8643.94],
  [6405.11,8294.18],
  [6255.00,8344.15],
  [6104.88,8394.11],
  [5954.76,8444.08],
  [5904.72,8294.18],
  [5754.59,8344.15],
  [5804.64,8494.05],
  [6004.79,8693.90],
  [5654.51,8544.01],
  [5604.48,8394.11],
  [5504.40,8593.98],
  [5454.35,8444.08],
  [5354.27,8643.94],
  [5204.16,8693.90],
  [5154.11,8544.01],
  [5304.24,8494.05],
  [5104.07,8294.18],
  [4953.96,8344.15],
  [4803.83,8394.11],
  [5004.00,8593.98],
  [4853.88,8643.94],
  [4703.75,8693.90],
  [4603.68,8693.90],
  [4553.64,8643.94],
  [4603.68,8593.98],
  [4603.68,8494.05],
  [4553.64,8444.08],
  [4553.64,8544.01],
  [4503.59,8593.98],
  [4503.59,8693.90],
  [4453.55,8643.94],
  [4403.51,8693.90],
  [4403.51,8593.98],
  [4453.55,8544.01],
  [4503.59,8494.05],
  [4403.51,8494.05],
  [4453.55,8444.08],
  [4503.59,8394.11],
  [4553.64,8344.15],
  [4603.68,8394.11],
  [4603.68,8294.18],
  [4503.59,8294.18],
  [4453.55,8344.15],
  [4403.51,8294.18],
  [4353.48,8344.15],
  [4403.51,8394.11],
  [4353.48,8444.08],
  [4353.48,8544.01],
  [4353.48,8643.94],
  [4303.44,8693.90],
  [4303.44,8593.98],
  [4303.44,8494.05],
  [4303.44,8394.11],
  [4303.44,8294.18],
  [3602.88,7194.96],
  [1901.51,7894.46],
  [4053.24,6045.76],
  [4253.40,5945.83],
  [4303.44,5895.87],
  [4353.48,5745.97],
  [4253.40,5745.97],
  [4153.31,5745.97],
  [4053.24,5745.97],
  [4053.24,5546.11],
  [4353.48,5446.18],
  [4353.48,5346.25],
  [4353.48,5246.32],
  [4453.55,5046.46],
  [4403.51,4796.64],
  [4453.55,4846.60],
  [4153.31,5246.32],
  [4003.20,5096.42],
  [4153.31,5046.46],
  [4053.24,4946.53],
  [4053.24,4746.67],
  [4403.51,4596.77],
  [4353.48,4247.02],
  [4053.24,4147.09],
  [4403.51,3897.27],
  [4303.44,3997.20],
  [4003.20,3797.33],
  [4053.24,3647.44],
  [4003.20,3597.48],
  [4053.24,3447.58],
  [4253.40,3347.65],
  [4153.31,3147.79]
]