[
  [719.90,733.11],
  [719.90,707.70],
  [758.01,707.70],
  [758.01,733.11],
  [808.81,796.60],
  [808.81,821.99],
  [808.81,923.59],
  [808.81,898.20],
  [808.81,872.79],
  [808.81,847.40],
  [859.61,796.60],
  [859.61,821.99],
  [859.61,847.40],
  [859.61,872.79],
  [859.61,898.20],
  [859.61,923.59],
  [859.61,949.00],
  [859.61,974.39],
  [859.61,999.80],
  [859.61,1025.20],
  [758.01,1101.41],
  [732.60,1101.41],
  [758.01,1076.00],
  [732.60,1050.61],
  [732.60,1076.00],
  [758.01,1050.61],
  [732.60,1025.20],
  [758.01,1025.20],
  [758.01,999.80],
  [808.81,1025.20],
  [808.81,999.80],
  [808.81,974.39],
  [808.81,949.00],
  [758.01,949.00],
  [758.01,974.39],
  [732.60,999.80],
  [732.60,974.39],
  [732.60,949.00],
  [681.80,949.00],
  [681.80,974.39],
  [681.80,999.80],
  [681.80,1025.20],
  [656.41,1025.20],
  [656.41,999.80],
  [758.01,898.20],
  [758.01,923.59],
  [732.60,872.79],
  [732.60,847.40],
  [758.01,821.99],
  [758.01,847.40],
  [758.01,872.79],
  [732.60,898.20],
  [732.60,923.59],
  [605.61,796.60],
  [605.61,821.99],
  [605.61,847.40],
  [605.61,872.79],
  [605.61,898.20],
  [605.61,923.59],
  [605.61,949.00],
  [605.61,974.39],
  [631.00,999.80],
  [605.61,999.80],
  [631.00,1025.20],
  [605.61,1025.20],
  [631.00,1050.61],
  [631.00,1076.00],
  [656.41,1050.61],
  [656.41,1076.00],
  [631.00,1101.41],
  [656.41,1101.41],
  [681.80,1152.21],
  [681.80,1177.60],
  [681.80,1203.01],
  [681.80,1228.40],
  [681.80,1253.81],
  [681.80,1279.20],
  [681.80,1304.61],
  [732.60,1253.81],
  [732.60,1279.20],
  [732.60,1228.40],
  [732.60,1203.01],
  [732.60,1177.60],
  [732.60,1152.21],
  [605.61,1152.21],
  [605.61,1177.60],
  [605.61,1203.01],
  [605.61,1228.40],
  [605.61,1253.81],
  [605.61,1279.20],
  [605.61,1304.61],
  [605.61,1330.00],
  [656.41,1355.39],
  [681.80,1330.00],
  [681.80,1355.39],
  [732.60,1380.80],
  [732.60,1355.39],
  [732.60,1330.00],
  [732.60,1304.61],
  [808.81,1279.20],
  [808.81,1253.81],
  [808.81,1228.40],
  [808.81,1203.01],
  [808.81,1177.60],
  [808.81,1152.21],
  [859.61,1152.21],
  [859.61,1126.80],
  [859.61,1101.41],
  [859.61,1177.60],
  [859.61,1203.01],
  [859.61,1228.40],
  [859.61,1253.81],
  [859.61,1279.20],
  [808.81,1304.61],
  [808.81,1330.00],
  [808.81,1355.39],
  [808.81,1380.80],
  [783.40,1456.99],
  [808.81,1456.99],
  [834.20,1456.99],
  [859.61,1456.99],
  [859.61,1431.60],
  [859.61,1380.80],
  [859.61,1406.19],
  [935.80,1380.80],
  [935.80,1406.19],
  [935.80,1431.60],
  [935.80,1456.99],
  [935.80,1482.40],
  [935.80,1507.79],
  [935.80,1533.20],
  [859.61,1482.40],
  [859.61,1507.79],
  [859.61,1533.20],
  [935.80,1584.00],
  [961.19,1584.00],
  [935.80,1609.39],
  [961.19,1609.39],
  [986.60,1584.00],
  [986.60,1609.39],
  [935.80,1685.61],
  [961.19,1685.61],
  [986.60,1685.61],
  [1011.99,1685.61],
  [986.60,1736.41],
  [961.19,1736.41],
  [935.80,1736.41],
  [834.20,1685.61],
  [808.81,1685.61],
  [783.40,1685.61],
  [758.01,1685.61],
  [681.80,1609.39],
  [707.21,1609.39],
  [732.60,1609.39],
  [758.01,1609.39],
  [783.40,1609.39],
  [834.20,1609.39],
  [808.81,1609.39],
  [707.21,1685.61],
  [732.60,1685.61],
  [681.80,1685.61],
  [681.80,1736.41],
  [707.21,1736.41],
  [732.60,1736.41],
  [758.01,1736.41],
  [783.40,1736.41],
  [808.81,1736.41],
  [834.20,1736.41],
  [834.20,1812.60],
  [808.81,1812.60],
  [783.40,1812.60],
  [758.01,1812.60],
  [732.60,1812.60],
  [707.21,1812.60],
  [681.80,1787.21],
  [656.41,1787.21],
  [681.80,1812.60],
  [681.80,1838.01],
  [656.41,1838.01],
  [656.41,1863.40],
  [681.80,1863.40],
  [707.21,1838.01],
  [707.21,1863.40],
  [732.60,1863.40],
  [758.01,1838.01],
  [783.40,1838.01],
  [834.20,1863.40],
  [808.81,1863.40],
  [783.40,1863.40],
  [758.01,1863.40],
  [707.21,1939.61],
  [681.80,1939.61],
  [656.41,1939.61],
  [681.80,1965.00],
  [707.21,1965.00],
  [732.60,1939.61],
  [732.60,1965.00],
  [758.01,1939.61],
  [758.01,1965.00],
  [783.40,1939.61],
  [783.40,1965.00],
  [681.80,2041.19],
  [681.80,2066.60],
  [707.21,2066.60],
  [707.21,2041.19],
  [732.60,2041.19],
  [758.01,2041.19],
  [783.40,2041.19],
  [808.81,2041.19],
  [834.20,2041.19],
  [885.00,2066.60],
  [910.39,2066.60],
  [808.81,1965.00],
  [808.81,1939.61],
  [834.20,1965.00],
  [834.20,1939.61],
  [935.80,1863.40],
  [935.80,1812.60],
  [935.80,1787.21],
  [961.19,1863.40],
  [986.60,1863.40],
  [935.80,1939.61],
  [961.19,1939.61],
  [986.60,1939.61],
  [1011.99,1939.61],
  [1037.40,1939.61],
  [1062.79,1939.61],
  [1088.20,1939.61],
  [1088.20,1863.40],
  [1062.79,1863.40],
  [1037.40,1863.40],
  [1011.99,1863.40],
  [961.19,1812.60],
  [961.19,1787.21],
  [986.60,1812.60],
  [1011.99,1812.60],
  [1037.40,1812.60],
  [1062.79,1812.60],
  [1088.20,1812.60],
  [1088.20,1736.41],
  [1062.79,1736.41],
  [1037.40,1736.41],
  [1011.99,1736.41],
  [1037.40,1685.61],
  [1062.79,1685.61],
  [1088.20,1685.61],
  [1011.99,1609.39],
  [1011.99,1584.00],
  [1037.40,1609.39],
  [1037.40,1584.00],
  [1062.79,1609.39],
  [1088.20,1609.39],
  [1062.79,1584.00],
  [1113.59,1533.20],
  [1062.79,1533.20],
  [1113.59,1507.79],
  [1113.59,1482.40],
  [1113.59,1456.99],
  [1113.59,1431.60],
  [1113.59,1406.19],
  [1113.59,1380.80],
  [1113.59,1355.39],
  [1062.79,1304.61],
  [1062.79,1279.20],
  [1037.40,1304.61],
  [935.80,1279.20],
  [935.80,1253.81],
  [935.80,1228.40],
  [935.80,1203.01],
  [935.80,1177.60],
  [935.80,1152.21],
  [935.80,1126.80],
  [935.80,1101.41],
  [986.60,1101.41],
  [986.60,1126.80],
  [986.60,1152.21],
  [986.60,1177.60],
  [986.60,1203.01],
  [986.60,1228.40],
  [986.60,1253.81],
  [986.60,1279.20],
  [986.60,1355.39],
  [986.60,1380.80],
  [986.60,1406.19],
  [986.60,1431.60],
  [986.60,1456.99],
  [986.60,1482.40],
  [986.60,1507.79],
  [986.60,1533.20],
  [1062.79,1507.79],
  [1062.79,1482.40],
  [1062.79,1456.99],
  [1062.79,1431.60],
  [1062.79,1406.19],
  [1062.79,1380.80],
  [1062.79,1355.39],
  [1113.59,1279.20],
  [1113.59,1253.81],
  [1113.59,1228.40],
  [1062.79,1203.01],
  [1062.79,1228.40],
  [1062.79,1253.81],
  [1113.59,1203.01],
  [1113.59,1177.60],
  [1113.59,1152.21],
  [1113.59,1126.80],
  [1062.79,1101.41],
  [1062.79,1126.80],
  [1062.79,1177.60],
  [1062.79,1152.21],
  [1113.59,1101.41],
  [1113.59,999.80],
  [1088.20,999.80],
  [1113.59,974.39],
  [1113.59,949.00],
  [1113.59,923.59],
  [1062.79,974.39],
  [1062.79,949.00],
  [986.60,821.99],
  [986.60,847.40],
  [986.60,872.79],
  [986.60,898.20],
  [986.60,923.59],
  [986.60,949.00],
  [986.60,974.39],
  [1062.79,923.59],
  [1062.79,898.20],
  [1062.79,872.79],
  [1062.79,847.40],
  [1062.79,821.99],
  [1113.59,821.99],
  [1113.59,847.40],
  [1113.59,872.79],
  [1113.59,898.20],
  [1189.80,821.99],
  [1189.80,847.40],
  [1189.80,872.79],
  [1189.80,898.20],
  [1189.80,923.59],
  [1189.80,949.00],
  [1189.80,974.39],
  [1240.61,974.39],
  [1240.61,949.00],
  [1240.61,923.59],
  [1240.61,898.20],
  [1240.61,872.79],
  [1240.61,821.99],
  [1240.61,847.40],
  [1316.80,974.39],
  [1316.80,949.00],
  [1316.80,923.59],
  [1316.80,898.20],
  [1316.80,872.79],
  [1316.80,847.40],
  [1316.80,821.99],
  [1367.60,796.60],
  [1354.90,733.11],
  [1354.90,707.70],
  [1393.01,707.70],
  [1393.01,733.11],
  [1443.81,796.60],
  [1494.61,796.60],
  [1431.09,733.11],
  [1431.09,707.70],
  [1469.20,707.70],
  [1469.20,733.11],
  [1507.30,707.70],
  [1507.30,733.11],
  [1545.39,707.70],
  [1545.39,733.11],
  [1583.50,707.70],
  [1583.50,733.11],
  [1570.80,796.60],
  [1596.19,796.60],
  [1672.40,796.60],
  [1723.20,796.60],
  [1634.30,707.70],
  [1634.30,733.11],
  [1672.40,707.70],
  [1672.40,733.11],
  [1710.51,707.70],
  [1710.51,733.11],
  [1748.59,707.70],
  [1748.59,733.11],
  [1799.39,796.60],
  [1850.20,796.60],
  [1786.70,733.11],
  [1786.70,707.70],
  [1824.80,707.70],
  [1824.80,733.11],
  [1862.89,707.70],
  [1862.89,733.11],
  [1913.69,707.70],
  [1913.69,733.11],
  [2129.61,796.60],
  [2104.20,796.60],
  [2078.81,796.60],
  [2053.40,796.60],
  [2028.01,796.60],
  [2002.60,796.60],
  [1977.21,796.60],
  [1951.80,796.60],
  [1926.41,796.60],
  [1901.00,796.60],
  [1951.80,733.11],
  [1951.80,707.70],
  [1989.90,707.70],
  [1989.90,733.11],
  [2028.01,707.70],
  [2028.01,733.11],
  [2066.09,707.70],
  [2066.09,733.11],
  [2104.20,733.11],
  [2104.20,707.70],
  [2142.30,707.70],
  [2142.30,733.11],
  [2180.39,707.70],
  [2180.39,733.11],
  [2231.19,707.70],
  [2231.19,733.11],
  [2256.60,733.11],
  [2256.60,707.70],
  [2307.40,707.70],
  [2307.40,733.11],
  [2409.00,796.60],
  [2434.39,796.60],
  [2409.00,872.79],
  [2434.39,872.79],
  [2409.00,898.20],
  [2434.39,898.20],
  [2459.80,872.79],
  [2485.20,872.79],
  [2459.80,796.60],
  [2485.20,796.60],
  [2510.61,796.60],
  [2536.00,796.60],
  [2561.41,796.60],
  [2586.80,796.60],
  [2612.21,796.60],
  [2637.60,796.60],
  [2637.60,707.70],
  [2637.60,733.11],
  [2688.40,796.60],
  [2713.81,796.60],
  [2790.00,796.60],
  [2764.61,796.60],
  [2739.20,796.60],
  [2688.40,872.79],
  [2637.60,872.79],
  [2612.21,872.79],
  [2586.80,872.79],
  [2561.41,872.79],
  [2536.00,872.79],
  [2510.61,872.79],
  [2612.21,974.39],
  [2586.80,999.80],
  [2561.41,999.80],
  [2561.41,974.39],
  [2586.80,974.39],
  [2612.21,999.80],
  [2637.60,999.80],
  [2612.21,1025.20],
  [2612.21,1050.61],
  [2637.60,1076.00],
  [2612.21,1076.00],
  [2637.60,1050.61],
  [2637.60,1025.20],
  [2688.40,974.39],
  [2688.40,999.80],
  [2688.40,1025.20],
  [2688.40,1050.61],
  [2688.40,1076.00],
  [2764.61,999.80],
  [2764.61,1050.61],
  [2790.00,1050.61],
  [2815.41,1050.61],
  [2764.61,1126.80],
  [2790.00,1126.80],
  [2916.99,1177.60],
  [2891.60,1177.60],
  [2866.19,1177.60],
  [2840.80,1177.60],
  [2815.41,1177.60],
  [2790.00,1177.60],
  [2764.61,1152.21],
  [2764.61,1177.60],
  [2790.00,1152.21],
  [2815.41,1126.80],
  [2840.80,1126.80],
  [2866.19,1126.80],
  [2891.60,1126.80],
  [2916.99,1126.80],
  [2993.20,1050.61],
  [2967.79,1050.61],
  [2916.99,1050.61],
  [2891.60,1050.61],
  [2866.19,1050.61],
  [2840.80,1050.61],
  [2916.99,999.80],
  [2916.99,923.59],
  [2764.61,923.59],
  [2713.81,872.79],
  [2739.20,872.79],
  [2764.61,872.79],
  [2790.00,872.79],
  [2815.41,872.79],
  [2840.80,872.79],
  [2866.19,872.79],
  [2891.60,872.79],
  [2916.99,872.79],
  [2967.79,821.99],
  [2942.40,796.60],
  [2942.40,821.99],
  [2916.99,796.60],
  [2891.60,796.60],
  [2866.19,796.60],
  [2840.80,796.60],
  [2815.41,796.60],
  [2891.60,733.11],
  [2891.60,707.70],
  [2967.79,796.60],
  [2993.20,796.60],
  [3018.59,796.60],
  [3044.00,796.60],
  [3069.39,796.60],
  [3094.80,796.60],
  [3120.20,796.60],
  [3145.61,796.60],
  [3069.39,872.79],
  [3044.00,872.79],
  [3018.59,872.79],
  [2993.20,872.79],
  [2993.20,898.20],
  [2993.20,923.59],
  [3018.59,898.20],
  [3018.59,923.59],
  [2993.20,949.00],
  [3018.59,949.00],
  [3069.39,949.00],
  [3069.39,974.39],
  [3094.80,974.39],
  [3069.39,999.80],
  [3094.80,999.80],
  [3145.61,1050.61],
  [3120.20,1050.61],
  [3094.80,1050.61],
  [3069.39,1050.61],
  [3044.00,1050.61],
  [3018.59,1050.61],
  [2967.79,1126.80],
  [2967.79,1152.21],
  [2993.20,1126.80],
  [3018.59,1126.80],
  [3044.00,1126.80],
  [3069.39,1126.80],
  [3094.80,1126.80],
  [3120.20,1177.60],
  [3094.80,1177.60],
  [3069.39,1177.60],
  [3044.00,1177.60],
  [3018.59,1177.60],
  [2993.20,1152.21],
  [2993.20,1177.60],
  [3069.39,1253.81],
  [3044.00,1253.81],
  [3018.59,1253.81],
  [2993.20,1253.81],
  [2993.20,1304.61],
  [3018.59,1304.61],
  [3044.00,1304.61],
  [3069.39,1304.61],
  [3094.80,1253.81],
  [3120.20,1253.81],
  [3145.61,1253.81],
  [3145.61,1304.61],
  [3120.20,1304.61],
  [3094.80,1304.61],
  [3145.61,1431.60],
  [3120.20,1431.60],
  [3094.80,1431.60],
  [3069.39,1431.60],
  [3044.00,1431.60],
  [3018.59,1431.60],
  [2993.20,1431.60],
  [2967.79,1431.60],
  [2993.20,1380.80],
  [3018.59,1380.80],
  [3044.00,1380.80],
  [3069.39,1380.80],
  [3094.80,1380.80],
  [3120.20,1380.80],
  [3145.61,1380.80],
  [3196.41,1380.80],
  [3221.80,1355.39],
  [3196.41,1355.39],
  [3221.80,1380.80],
  [3272.60,1431.60],
  [3298.01,1431.60],
  [3323.40,1431.60],
  [3272.60,1380.80],
  [3298.01,1304.61],
  [3272.60,1304.61],
  [3247.21,1253.81],
  [3145.61,1177.60],
  [3120.20,1126.80],
  [3145.61,1126.80],
  [3247.21,1152.21],
  [3247.21,1177.60],
  [3272.60,1152.21],
  [3272.60,1177.60],
  [3298.01,1177.60],
  [3323.40,1177.60],
  [3145.61,999.80],
  [3171.00,999.80],
  [3221.80,999.80],
  [3247.21,999.80],
  [3247.21,949.00],
  [3221.80,949.00],
  [3171.00,923.59],
  [3145.61,923.59],
  [3094.80,949.00],
  [3094.80,923.59],
  [3069.39,898.20],
  [3069.39,923.59],
  [3094.80,898.20],
  [3094.80,872.79],
  [3120.20,872.79],
  [3145.61,872.79],
  [3221.80,898.20],
  [3196.41,796.60],
  [3196.41,821.99],
  [3221.80,796.60],
  [3272.60,847.40],
  [3272.60,821.99],
  [3272.60,872.79],
  [3298.01,872.79],
  [3298.01,847.40],
  [3298.01,821.99],
  [3323.40,707.70],
  [3348.81,707.70],
  [3348.81,733.11],
  [3323.40,733.11],
  [3450.41,872.79],
  [3450.41,898.20],
  [3425.00,872.79],
  [3374.20,872.79],
  [3348.81,872.79],
  [3374.20,898.20],
  [3323.40,923.59],
  [3298.01,923.59],
  [3298.01,949.00],
  [3323.40,949.00],
  [3298.01,974.39],
  [3323.40,974.39],
  [3323.40,999.80],
  [3298.01,999.80],
  [3272.60,1050.61],
  [3272.60,1101.41],
  [3348.81,1177.60],
  [3374.20,1177.60],
  [3399.61,1177.60],
  [3425.00,1177.60],
  [3425.00,1253.81],
  [3399.61,1253.81],
  [3374.20,1253.81],
  [3348.81,1253.81],
  [3323.40,1253.81],
  [3298.01,1253.81],
  [3272.60,1253.81],
  [3323.40,1304.61],
  [3348.81,1304.61],
  [3374.20,1304.61],
  [3399.61,1304.61],
  [3425.00,1304.61],
  [3425.00,1380.80],
  [3399.61,1380.80],
  [3374.20,1380.80],
  [3348.81,1380.80],
  [3298.01,1380.80],
  [3323.40,1380.80],
  [3348.81,1406.19],
  [3374.20,1406.19],
  [3425.00,1431.60],
  [3399.61,1431.60],
  [3374.20,1431.60],
  [3348.81,1431.60],
  [3425.00,1507.79],
  [3399.61,1507.79],
  [3374.20,1507.79],
  [3348.81,1507.79],
  [3323.40,1558.59],
  [3298.01,1558.59],
  [3272.60,1533.20],
  [3272.60,1558.59],
  [3298.01,1533.20],
  [3272.60,1507.79],
  [3298.01,1507.79],
  [3323.40,1507.79],
  [3425.00,1558.59],
  [3399.61,1558.59],
  [3374.20,1558.59],
  [3348.81,1558.59],
  [3425.00,1634.80],
  [3399.61,1634.80],
  [3374.20,1634.80],
  [3348.81,1634.80],
  [3323.40,1634.80],
  [3298.01,1634.80],
  [3272.60,1634.80],
  [3272.60,1685.61],
  [3298.01,1685.61],
  [3323.40,1685.61],
  [3348.81,1685.61],
  [3374.20,1685.61],
  [3425.00,1685.61],
  [3399.61,1685.61],
  [3298.01,1787.21],
  [3323.40,1812.60],
  [3298.01,1812.60],
  [3272.60,1812.60],
  [3272.60,1787.21],
  [3272.60,1761.80],
  [3298.01,1761.80],
  [3323.40,1761.80],
  [3348.81,1761.80],
  [3374.20,1761.80],
  [3399.61,1761.80],
  [3425.00,1761.80],
  [3425.00,1812.60],
  [3399.61,1812.60],
  [3374.20,1812.60],
  [3348.81,1812.60],
  [3425.00,1888.81],
  [3399.61,1888.81],
  [3374.20,1888.81],
  [3348.81,1888.81],
  [3323.40,1939.61],
  [3298.01,1939.61],
  [3272.60,1939.61],
  [3272.60,1888.81],
  [3298.01,1888.81],
  [3323.40,1888.81],
  [3425.00,1939.61],
  [3399.61,1939.61],
  [3374.20,1939.61],
  [3348.81,1939.61],
  [3425.00,2015.80],
  [3399.61,2015.80],
  [3374.20,2015.80],
  [3348.81,2015.80],
  [3323.40,2015.80],
  [3298.01,2041.19],
  [3298.01,2015.80],
  [3272.60,2041.19],
  [3272.60,2015.80],
  [3221.80,2066.60],
  [3272.60,2066.60],
  [3298.01,2066.60],
  [3323.40,2066.60],
  [3348.81,2066.60],
  [3374.20,2066.60],
  [3425.00,2066.60],
  [3399.61,2066.60],
  [3399.61,2142.79],
  [3425.00,2142.79],
  [3374.20,2142.79],
  [3348.81,2142.79],
  [3348.81,2168.20],
  [3323.40,2142.79],
  [3298.01,2142.79],
  [3272.60,2168.20],
  [3196.41,2244.39],
  [3221.80,2244.39],
  [3247.21,2244.39],
  [3272.60,2244.39],
  [3298.01,2244.39],
  [3323.40,2244.39],
  [3348.81,2244.39],
  [3323.40,2168.20],
  [3298.01,2168.20],
  [3272.60,2142.79],
  [3247.21,2168.20],
  [3221.80,2168.20],
  [3196.41,2168.20],
  [3145.61,2193.59],
  [3120.20,2193.59],
  [3145.61,2142.79],
  [3120.20,2142.79],
  [3145.61,2066.60],
  [3196.41,2066.60],
  [3221.80,2041.19],
  [3196.41,2041.19],
  [3145.61,2015.80],
  [3120.20,2015.80],
  [3094.80,2015.80],
  [3120.20,1939.61],
  [3145.61,1939.61],
  [3145.61,1888.81],
  [3120.20,1888.81],
  [3145.61,1761.80],
  [3094.80,1761.80],
  [3120.20,1761.80],
  [3145.61,1685.61],
  [3120.20,1685.61],
  [3094.80,1634.80],
  [3120.20,1634.80],
  [3145.61,1634.80],
  [3145.61,1507.79],
  [3120.20,1507.79],
  [3069.39,1507.79],
  [3094.80,1507.79],
  [3145.61,1558.59],
  [3120.20,1558.59],
  [3094.80,1558.59],
  [3069.39,1558.59],
  [3044.00,1558.59],
  [2993.20,1507.79],
  [3018.59,1507.79],
  [3044.00,1507.79],
  [3018.59,1558.59],
  [2993.20,1533.20],
  [2993.20,1558.59],
  [3069.39,1634.80],
  [3044.00,1634.80],
  [3018.59,1634.80],
  [2993.20,1634.80],
  [2993.20,1685.61],
  [3018.59,1685.61],
  [3044.00,1685.61],
  [3069.39,1685.61],
  [3094.80,1685.61],
  [3069.39,1761.80],
  [3044.00,1761.80],
  [3018.59,1761.80],
  [2993.20,1761.80],
  [2993.20,1787.21],
  [3018.59,1787.21],
  [2993.20,1812.60],
  [3018.59,1812.60],
  [3044.00,1812.60],
  [3069.39,1812.60],
  [3094.80,1812.60],
  [3120.20,1812.60],
  [3145.61,1812.60],
  [3094.80,1888.81],
  [3069.39,1888.81],
  [3044.00,1888.81],
  [2993.20,1888.81],
  [3018.59,1888.81],
  [3094.80,1939.61],
  [3069.39,1939.61],
  [3044.00,1939.61],
  [3018.59,1939.61],
  [2993.20,1939.61],
  [3069.39,2015.80],
  [3044.00,2015.80],
  [3018.59,2015.80],
  [3018.59,2041.19],
  [2993.20,2015.80],
  [2993.20,2041.19],
  [2967.79,2066.60],
  [2993.20,2066.60],
  [3018.59,2066.60],
  [3044.00,2066.60],
  [3120.20,2066.60],
  [3094.80,2066.60],
  [3069.39,2066.60],
  [2993.20,2142.79],
  [2967.79,2168.20],
  [2993.20,2168.20],
  [3018.59,2142.79],
  [3044.00,2142.79],
  [3069.39,2142.79],
  [3094.80,2142.79],
  [3069.39,2219.00],
  [3044.00,2219.00],
  [3069.39,2244.39],
  [3044.00,2244.39],
  [3018.59,2244.39],
  [2993.20,2244.39],
  [3018.59,2219.00],
  [2993.20,2219.00],
  [2967.79,2244.39],
  [2942.40,2219.00],
  [2967.79,2219.00],
  [2942.40,2244.39],
  [2916.99,2219.00],
  [2891.60,2244.39],
  [2916.99,2244.39],
  [2891.60,2219.00],
  [2916.99,2168.20],
  [2967.79,2142.79],
  [2916.99,2142.79],
  [2891.60,2142.79],
  [2891.60,2168.20],
  [2866.19,2168.20],
  [2840.80,2168.20],
  [2815.41,2168.20],
  [2764.61,2219.00],
  [2764.61,2244.39],
  [2790.00,2219.00],
  [2764.61,2168.20],
  [2790.00,2168.20],
  [2764.61,2142.79],
  [2790.00,2142.79],
  [2815.41,2142.79],
  [2840.80,2142.79],
  [2866.19,2142.79],
  [2891.60,2041.19],
  [2916.99,2066.60],
  [2891.60,2066.60],
  [2866.19,2066.60],
  [2840.80,2066.60],
  [2815.41,2066.60],
  [2840.80,2041.19],
  [2815.41,2041.19],
  [2790.00,2066.60],
  [2764.61,2066.60],
  [2764.61,2041.19],
  [2790.00,2041.19],
  [2764.61,2015.80],
  [2790.00,2015.80],
  [2815.41,2015.80],
  [2840.80,2015.80],
  [2866.19,2041.19],
  [2866.19,2015.80],
  [2891.60,2015.80],
  [2916.99,2041.19],
  [2916.99,2015.80],
  [2916.99,1939.61],
  [2891.60,1939.61],
  [2866.19,1939.61],
  [2840.80,1939.61],
  [2815.41,1939.61],
  [2790.00,1939.61],
  [2764.61,1939.61],
  [2764.61,1888.81],
  [2790.00,1888.81],
  [2815.41,1888.81],
  [2840.80,1888.81],
  [2866.19,1888.81],
  [2891.60,1888.81],
  [2916.99,1888.81],
  [2916.99,1812.60],
  [2891.60,1812.60],
  [2866.19,1787.21],
  [2866.19,1812.60],
  [2840.80,1812.60],
  [2815.41,1812.60],
  [2790.00,1812.60],
  [2764.61,1787.21],
  [2764.61,1812.60],
  [2790.00,1787.21],
  [2764.61,1761.80],
  [2790.00,1761.80],
  [2815.41,1761.80],
  [2840.80,1761.80],
  [2866.19,1761.80],
  [2891.60,1761.80],
  [2916.99,1761.80],
  [2891.60,1787.21],
  [2840.80,1685.61],
  [2866.19,1685.61],
  [2891.60,1685.61],
  [2916.99,1685.61],
  [2916.99,1634.80],
  [2891.60,1634.80],
  [2866.19,1634.80],
  [2840.80,1634.80],
  [2815.41,1634.80],
  [2815.41,1685.61],
  [2790.00,1685.61],
  [2764.61,1685.61],
  [2790.00,1634.80],
  [2764.61,1634.80],
  [2764.61,1558.59],
  [2764.61,1533.20],
  [2790.00,1558.59],
  [2815.41,1558.59],
  [2840.80,1558.59],
  [2916.99,1558.59],
  [2891.60,1558.59],
  [2866.19,1558.59],
  [2790.00,1533.20],
  [2764.61,1507.79],
  [2790.00,1507.79],
  [2815.41,1507.79],
  [2840.80,1507.79],
  [2866.19,1507.79],
  [2891.60,1507.79],
  [2916.99,1507.79],
  [2967.79,1533.20],
  [2967.79,1507.79],
  [2916.99,1431.60],
  [2891.60,1431.60],
  [2866.19,1431.60],
  [2840.80,1431.60],
  [2815.41,1431.60],
  [2790.00,1431.60],
  [2764.61,1431.60],
  [2764.61,1380.80],
  [2790.00,1380.80],
  [2815.41,1380.80],
  [2840.80,1380.80],
  [2866.19,1380.80],
  [2891.60,1380.80],
  [2916.99,1380.80],
  [2916.99,1304.61],
  [2891.60,1304.61],
  [2866.19,1304.61],
  [2840.80,1304.61],
  [2891.60,1253.81],
  [2916.99,1253.81],
  [2866.19,1253.81],
  [2840.80,1253.81],
  [2815.41,1253.81],
  [2790.00,1253.81],
  [2764.61,1279.20],
  [2764.61,1253.81],
  [2790.00,1279.20],
  [2815.41,1304.61],
  [2790.00,1304.61],
  [2764.61,1304.61],
  [2637.60,1431.60],
  [2637.60,1456.99],
  [2612.21,1482.40],
  [2637.60,1558.59],
  [2612.21,1558.59],
  [2637.60,1584.00],
  [2612.21,1584.00],
  [2586.80,1584.00],
  [2586.80,1558.59],
  [2561.41,1558.59],
  [2510.61,1558.59],
  [2536.00,1558.59],
  [2536.00,1482.40],
  [2510.61,1482.40],
  [2510.61,1456.99],
  [2536.00,1456.99],
  [2561.41,1482.40],
  [2586.80,1482.40],
  [2561.41,1456.99],
  [2586.80,1456.99],
  [2612.21,1456.99],
  [2612.21,1431.60],
  [2612.21,1406.19],
  [2637.60,1380.80],
  [2637.60,1406.19],
  [2612.21,1380.80],
  [2637.60,1355.39],
  [2637.60,1330.00],
  [2612.21,1355.39],
  [2612.21,1330.00],
  [2637.60,1304.61],
  [2612.21,1304.61],
  [2586.80,1304.61],
  [2561.41,1304.61],
  [2561.41,1279.20],
  [2586.80,1279.20],
  [2612.21,1279.20],
  [2688.40,1177.60],
  [2688.40,1152.21],
  [2688.40,1126.80],
  [2688.40,1101.41],
  [2612.21,1177.60],
  [2586.80,1177.60],
  [2561.41,1152.21],
  [2561.41,1177.60],
  [2586.80,1152.21],
  [2612.21,1152.21],
  [2637.60,1152.21],
  [2637.60,1126.80],
  [2637.60,1101.41],
  [2612.21,1126.80],
  [2612.21,1101.41],
  [2510.61,999.80],
  [2536.00,999.80],
  [2536.00,974.39],
  [2510.61,974.39],
  [2485.20,999.80],
  [2485.20,974.39],
  [2459.80,974.39],
  [2434.39,999.80],
  [2459.80,999.80],
  [2459.80,1025.20],
  [2459.80,1050.61],
  [2434.39,1025.20],
  [2434.39,1050.61],
  [2434.39,1076.00],
  [2459.80,1076.00],
  [2434.39,1101.41],
  [2434.39,1126.80],
  [2459.80,1101.41],
  [2459.80,1126.80],
  [2434.39,1152.21],
  [2459.80,1152.21],
  [2459.80,1177.60],
  [2485.20,1177.60],
  [2485.20,1152.21],
  [2510.61,1152.21],
  [2536.00,1177.60],
  [2536.00,1152.21],
  [2510.61,1177.60],
  [2485.20,1279.20],
  [2510.61,1279.20],
  [2536.00,1279.20],
  [2536.00,1304.61],
  [2510.61,1304.61],
  [2485.20,1304.61],
  [2459.80,1279.20],
  [2434.39,1304.61],
  [2459.80,1304.61],
  [2459.80,1330.00],
  [2459.80,1355.39],
  [2434.39,1330.00],
  [2434.39,1355.39],
  [2459.80,1380.80],
  [2459.80,1406.19],
  [2434.39,1380.80],
  [2434.39,1406.19],
  [2459.80,1431.60],
  [2510.61,1380.80],
  [2536.00,1380.80],
  [2485.20,1456.99],
  [2459.80,1456.99],
  [2485.20,1482.40],
  [2459.80,1482.40],
  [2434.39,1456.99],
  [2434.39,1431.60],
  [2358.20,1507.79],
  [2332.79,1507.79],
  [2307.40,1507.79],
  [2256.60,1431.60],
  [2281.99,1431.60],
  [2307.40,1431.60],
  [2332.79,1406.19],
  [2358.20,1431.60],
  [2332.79,1431.60],
  [2205.80,1380.80],
  [2231.19,1380.80],
  [2256.60,1380.80],
  [2281.99,1380.80],
  [2307.40,1380.80],
  [2332.79,1380.80],
  [2358.20,1406.19],
  [2358.20,1380.80],
  [2358.20,1304.61],
  [2332.79,1304.61],
  [2307.40,1304.61],
  [2281.99,1304.61],
  [2256.60,1304.61],
  [2231.19,1304.61],
  [2205.80,1304.61],
  [2180.39,1253.81],
  [2205.80,1253.81],
  [2231.19,1253.81],
  [2256.60,1253.81],
  [2281.99,1253.81],
  [2307.40,1253.81],
  [2332.79,1253.81],
  [2358.20,1253.81],
  [2358.20,1177.60],
  [2332.79,1177.60],
  [2307.40,1177.60],
  [2281.99,1177.60],
  [2256.60,1177.60],
  [2281.99,1126.80],
  [2307.40,1126.80],
  [2332.79,1126.80],
  [2358.20,1126.80],
  [2358.20,1050.61],
  [2332.79,1025.20],
  [2358.20,1025.20],
  [2332.79,1050.61],
  [2307.40,1050.61],
  [2281.99,1050.61],
  [2256.60,1050.61],
  [2231.19,1050.61],
  [2205.80,1050.61],
  [2129.61,1126.80],
  [2155.00,1126.80],
  [2180.39,1126.80],
  [2205.80,1126.80],
  [2231.19,1126.80],
  [2256.60,1126.80],
  [2180.39,1050.61],
  [2129.61,999.80],
  [2104.20,999.80],
  [2155.00,1050.61],
  [2129.61,1050.61],
  [2078.81,999.80],
  [2053.40,999.80],
  [2028.01,999.80],
  [2078.81,1050.61],
  [2053.40,1050.61],
  [2028.01,1050.61],
  [1977.21,1126.80],
  [1951.80,1126.80],
  [1926.41,1126.80],
  [1901.00,1126.80],
  [1875.61,1126.80],
  [1850.20,1126.80],
  [1799.39,1101.41],
  [1799.39,1126.80],
  [1799.39,1152.21],
  [1799.39,1177.60],
  [1799.39,1203.01],
  [1799.39,1228.40],
  [1774.00,1253.81],
  [1799.39,1253.81],
  [1850.20,1304.61],
  [1875.61,1304.61],
  [1901.00,1304.61],
  [1850.20,1253.81],
  [1901.00,1177.60],
  [1875.61,1177.60],
  [1850.20,1177.60],
  [1723.20,1101.41],
  [1723.20,1126.80],
  [1723.20,1152.21],
  [1723.20,1177.60],
  [1723.20,1203.01],
  [1723.20,1228.40],
  [1799.39,1304.61],
  [1723.20,1304.61],
  [1723.20,1330.00],
  [1723.20,1355.39],
  [1799.39,1330.00],
  [1799.39,1355.39],
  [1799.39,1380.80],
  [1799.39,1406.19],
  [1799.39,1431.60],
  [1799.39,1456.99],
  [1799.39,1482.40],
  [1774.00,1507.79],
  [1799.39,1507.79],
  [1926.41,1431.60],
  [1951.80,1431.60],
  [1901.00,1431.60],
  [1875.61,1406.19],
  [1850.20,1406.19],
  [1850.20,1380.80],
  [1875.61,1380.80],
  [1901.00,1380.80],
  [1926.41,1380.80],
  [1951.80,1380.80],
  [1977.21,1380.80],
  [2002.60,1380.80],
  [2053.40,1304.61],
  [2028.01,1304.61],
  [2002.60,1304.61],
  [1977.21,1304.61],
  [1951.80,1304.61],
  [1926.41,1304.61],
  [1875.61,1253.81],
  [1901.00,1253.81],
  [1926.41,1279.20],
  [1926.41,1253.81],
  [1951.80,1253.81],
  [1951.80,1279.20],
  [1977.21,1253.81],
  [1926.41,1177.60],
  [1951.80,1177.60],
  [1977.21,1177.60],
  [2002.60,1177.60],
  [2028.01,1177.60],
  [2053.40,1177.60],
  [2002.60,1126.80],
  [2028.01,1126.80],
  [2053.40,1126.80],
  [2078.81,1126.80],
  [2129.61,1177.60],
  [2231.19,1177.60],
  [2205.80,1177.60],
  [2180.39,1177.60],
  [2155.00,1177.60],
  [2078.81,1177.60],
  [2002.60,1253.81],
  [2028.01,1253.81],
  [2053.40,1253.81],
  [2078.81,1253.81],
  [2129.61,1253.81],
  [2155.00,1253.81],
  [2180.39,1304.61],
  [2155.00,1304.61],
  [2129.61,1304.61],
  [2078.81,1304.61],
  [2028.01,1380.80],
  [2053.40,1380.80],
  [2078.81,1380.80],
  [2129.61,1380.80],
  [2129.61,1431.60],
  [2155.00,1431.60],
  [2155.00,1380.80],
  [2180.39,1380.80],
  [2205.80,1431.60],
  [2231.19,1431.60],
  [2078.81,1431.60],
  [2053.40,1431.60],
  [2028.01,1431.60],
  [2002.60,1431.60],
  [1977.21,1431.60],
  [1901.00,1507.79],
  [1926.41,1507.79],
  [1951.80,1507.79],
  [1977.21,1507.79],
  [2002.60,1507.79],
  [2028.01,1507.79],
  [2053.40,1507.79],
  [2078.81,1507.79],
  [2129.61,1558.59],
  [2180.39,1634.80],
  [2155.00,1634.80],
  [2129.61,1634.80],
  [2231.19,1558.59],
  [2205.80,1558.59],
  [2180.39,1558.59],
  [2155.00,1558.59],
  [2205.80,1507.79],
  [2231.19,1507.79],
  [2256.60,1507.79],
  [2281.99,1507.79],
  [2256.60,1558.59],
  [2281.99,1558.59],
  [2307.40,1558.59],
  [2332.79,1558.59],
  [2358.20,1533.20],
  [2383.59,1533.20],
  [2358.20,1558.59],
  [2358.20,1634.80],
  [2332.79,1634.80],
  [2307.40,1634.80],
  [2281.99,1634.80],
  [2256.60,1634.80],
  [2231.19,1634.80],
  [2205.80,1634.80],
  [2180.39,1685.61],
  [2205.80,1685.61],
  [2231.19,1685.61],
  [2256.60,1685.61],
  [2281.99,1685.61],
  [2307.40,1685.61],
  [2358.20,1685.61],
  [2332.79,1685.61],
  [2332.79,1761.80],
  [2307.40,1761.80],
  [2281.99,1761.80],
  [2256.60,1761.80],
  [2231.19,1761.80],
  [2180.39,1761.80],
  [2205.80,1761.80],
  [2256.60,1812.60],
  [2281.99,1812.60],
  [2307.40,1812.60],
  [2332.79,1812.60],
  [2358.20,1761.80],
  [2409.00,1812.60],
  [2383.59,1812.60],
  [2358.20,1812.60],
  [2256.60,1888.81],
  [2281.99,1888.81],
  [2307.40,1888.81],
  [2332.79,1888.81],
  [2358.20,1888.81],
  [2383.59,1888.81],
  [2409.00,1939.61],
  [2383.59,1939.61],
  [2358.20,1939.61],
  [2332.79,1939.61],
  [2307.40,1939.61],
  [2281.99,1939.61],
  [2256.60,1939.61],
  [2332.79,2015.80],
  [2307.40,2015.80],
  [2281.99,2015.80],
  [2256.60,2015.80],
  [2231.19,2041.19],
  [2231.19,2066.60],
  [2256.60,2041.19],
  [2256.60,2066.60],
  [2231.19,2142.79],
  [2256.60,2142.79],
  [2307.40,2066.60],
  [2332.79,2066.60],
  [2358.20,2015.80],
  [2383.59,2015.80],
  [2409.00,2015.80],
  [2459.80,2066.60],
  [2510.61,2066.60],
  [2485.20,2066.60],
  [2485.20,2041.19],
  [2485.20,2015.80],
  [2510.61,2015.80],
  [2561.41,1939.61],
  [2536.00,1939.61],
  [2510.61,1939.61],
  [2485.20,1939.61],
  [2409.00,1888.81],
  [2485.20,1838.01],
  [2485.20,1812.60],
  [2510.61,1812.60],
  [2536.00,1812.60],
  [2510.61,1787.21],
  [2485.20,1787.21],
  [2485.20,1761.80],
  [2510.61,1761.80],
  [2536.00,1761.80],
  [2485.20,1685.61],
  [2510.61,1685.61],
  [2536.00,1685.61],
  [2561.41,1685.61],
  [2586.80,1685.61],
  [2612.21,1685.61],
  [2637.60,1685.61],
  [2561.41,1761.80],
  [2586.80,1761.80],
  [2612.21,1761.80],
  [2637.60,1761.80],
  [2612.21,1812.60],
  [2612.21,1838.01],
  [2586.80,1812.60],
  [2586.80,1838.01],
  [2561.41,1838.01],
  [2561.41,1812.60],
  [2536.00,1838.01],
  [2510.61,1838.01],
  [2586.80,1939.61],
  [2637.60,1939.61],
  [2612.21,1939.61],
  [2536.00,2015.80],
  [2561.41,2015.80],
  [2586.80,2015.80],
  [2612.21,2015.80],
  [2637.60,2015.80],
  [2663.01,2041.19],
  [2637.60,2066.60],
  [2612.21,2066.60],
  [2586.80,2066.60],
  [2561.41,2066.60],
  [2536.00,2066.60],
  [2510.61,2041.19],
  [2409.00,2066.60],
  [2383.59,2066.60],
  [2307.40,2142.79],
  [2332.79,2142.79],
  [2383.59,2142.79],
  [2409.00,2142.79],
  [2459.80,2142.79],
  [2485.20,2142.79],
  [2510.61,2142.79],
  [2536.00,2142.79],
  [2561.41,2142.79],
  [2586.80,2142.79],
  [2612.21,2142.79],
  [2637.60,2142.79],
  [2688.40,2041.19],
  [2739.20,2041.19],
  [2739.20,2066.60],
  [2739.20,2142.79],
  [2739.20,2168.20],
  [2688.40,2219.00],
  [2713.81,2219.00],
  [2739.20,2244.39],
  [2739.20,2219.00],
  [2713.81,2244.39],
  [2688.40,2244.39],
  [2663.01,2219.00],
  [2663.01,2244.39],
  [2637.60,2219.00],
  [2637.60,2244.39],
  [2612.21,2219.00],
  [2612.21,2244.39],
  [2586.80,2219.00],
  [2586.80,2244.39],
  [2561.41,2219.00],
  [2561.41,2244.39],
  [2536.00,2219.00],
  [2510.61,2244.39],
  [2536.00,2244.39],
  [2510.61,2219.00],
  [2485.20,2219.00],
  [2485.20,2244.39],
  [2459.80,2244.39],
  [2434.39,2219.00],
  [2434.39,2244.39],
  [2358.20,2219.00],
  [2332.79,2219.00],
  [2332.79,2244.39],
  [2307.40,2244.39],
  [2281.99,2244.39],
  [2281.99,2219.00],
  [2205.80,2219.00],
  [2129.61,2142.79],
  [2104.20,2142.79],
  [2078.81,2142.79],
  [2078.81,2219.00],
  [2104.20,2219.00],
  [2129.61,2219.00],
  [2155.00,2244.39],
  [2180.39,2219.00],
  [2180.39,2244.39],
  [2155.00,2219.00],
  [2129.61,2244.39],
  [2104.20,2244.39],
  [2078.81,2244.39],
  [2053.40,2219.00],
  [2053.40,2244.39],
  [2028.01,2219.00],
  [2028.01,2244.39],
  [2002.60,2219.00],
  [2002.60,2244.39],
  [1977.21,2219.00],
  [1977.21,2244.39],
  [1951.80,2244.39],
  [1951.80,2219.00],
  [1926.41,2244.39],
  [1926.41,2219.00],
  [1901.00,2219.00],
  [1901.00,2244.39],
  [1875.61,2244.39],
  [1850.20,2244.39],
  [1850.20,2219.00],
  [1799.39,2168.20],
  [1824.80,2168.20],
  [1951.80,2066.60],
  [1951.80,2041.19],
  [1977.21,2041.19],
  [1977.21,2066.60],
  [2002.60,2066.60],
  [2028.01,2015.80],
  [2028.01,2066.60],
  [1951.80,2142.79],
  [1977.21,2142.79],
  [2002.60,2142.79],
  [2028.01,2142.79],
  [2053.40,2142.79],
  [2053.40,2066.60],
  [2078.81,2066.60],
  [2104.20,2066.60],
  [2129.61,2066.60],
  [2104.20,2041.19],
  [2129.61,2041.19],
  [2155.00,2015.80],
  [2155.00,1939.61],
  [2028.01,1939.61],
  [2078.81,1888.81],
  [2053.40,1888.81],
  [2028.01,1888.81],
  [2002.60,1888.81],
  [1901.00,2015.80],
  [1875.61,2015.80],
  [1850.20,2015.80],
  [1824.80,2015.80],
  [1799.39,2015.80],
  [1774.00,2015.80],
  [1748.59,2015.80],
  [1723.20,2015.80],
  [1697.79,2015.80],
  [1697.79,1939.61],
  [1723.20,1939.61],
  [1748.59,1939.61],
  [1774.00,1939.61],
  [1799.39,1939.61],
  [1723.20,1888.81],
  [1748.59,1888.81],
  [1774.00,1888.81],
  [1799.39,1888.81],
  [1824.80,1888.81],
  [1824.80,1939.61],
  [1850.20,1939.61],
  [1875.61,1939.61],
  [1901.00,1939.61],
  [1926.41,1888.81],
  [1951.80,1888.81],
  [1977.21,1888.81],
  [2053.40,1812.60],
  [2078.81,1812.60],
  [2078.81,1761.80],
  [2053.40,1761.80],
  [2028.01,1761.80],
  [2002.60,1761.80],
  [2028.01,1812.60],
  [2002.60,1812.60],
  [1977.21,1787.21],
  [1977.21,1812.60],
  [1951.80,1812.60],
  [1926.41,1812.60],
  [1951.80,1787.21],
  [1951.80,1761.80],
  [1977.21,1761.80],
  [2078.81,1685.61],
  [2053.40,1685.61],
  [2028.01,1685.61],
  [2002.60,1685.61],
  [1977.21,1685.61],
  [1951.80,1685.61],
  [1926.41,1685.61],
  [1901.00,1685.61],
  [1926.41,1761.80],
  [1901.00,1761.80],
  [1824.80,1812.60],
  [1824.80,1761.80],
  [1799.39,1761.80],
  [1824.80,1685.61],
  [1799.39,1685.61],
  [1774.00,1685.61],
  [1748.59,1685.61],
  [1723.20,1685.61],
  [1697.79,1685.61],
  [1672.40,1685.61],
  [1672.40,1761.80],
  [1697.79,1761.80],
  [1723.20,1761.80],
  [1748.59,1761.80],
  [1774.00,1761.80],
  [1799.39,1812.60],
  [1774.00,1812.60],
  [1748.59,1812.60],
  [1723.20,1812.60],
  [1672.40,1888.81],
  [1697.79,1888.81],
  [1697.79,1812.60],
  [1672.40,1787.21],
  [1697.79,1787.21],
  [1672.40,1812.60],
  [1570.80,1787.21],
  [1570.80,1812.60],
  [1545.39,1812.60],
  [1545.39,1787.21],
  [1520.00,1761.80],
  [1545.39,1761.80],
  [1570.80,1761.80],
  [1596.19,1761.80],
  [1596.19,1685.61],
  [1570.80,1685.61],
  [1545.39,1685.61],
  [1520.00,1685.61],
  [1494.61,1634.80],
  [1520.00,1634.80],
  [1545.39,1634.80],
  [1570.80,1634.80],
  [1596.19,1634.80],
  [1520.00,1558.59],
  [1545.39,1558.59],
  [1570.80,1558.59],
  [1596.19,1558.59],
  [1570.80,1507.79],
  [1596.19,1507.79],
  [1596.19,1482.40],
  [1570.80,1482.40],
  [1596.19,1456.99],
  [1596.19,1431.60],
  [1570.80,1456.99],
  [1570.80,1431.60],
  [1596.19,1406.19],
  [1570.80,1406.19],
  [1570.80,1380.80],
  [1570.80,1355.39],
  [1570.80,1330.00],
  [1596.19,1304.61],
  [1570.80,1304.61],
  [1596.19,1330.00],
  [1596.19,1355.39],
  [1596.19,1380.80],
  [1672.40,1482.40],
  [1723.20,1380.80],
  [1723.20,1406.19],
  [1723.20,1431.60],
  [1723.20,1456.99],
  [1723.20,1482.40],
  [1672.40,1456.99],
  [1672.40,1431.60],
  [1672.40,1406.19],
  [1672.40,1380.80],
  [1672.40,1355.39],
  [1672.40,1330.00],
  [1672.40,1304.61],
  [1596.19,1253.81],
  [1570.80,1253.81],
  [1596.19,1228.40],
  [1570.80,1228.40],
  [1570.80,1203.01],
  [1596.19,1203.01],
  [1570.80,1177.60],
  [1596.19,1177.60],
  [1570.80,1152.21],
  [1596.19,1152.21],
  [1570.80,1126.80],
  [1570.80,1101.41],
  [1596.19,1101.41],
  [1596.19,1126.80],
  [1672.40,1228.40],
  [1672.40,1203.01],
  [1672.40,1177.60],
  [1672.40,1152.21],
  [1672.40,1126.80],
  [1672.40,1101.41],
  [1672.40,1076.00],
  [1672.40,1050.61],
  [1723.20,1050.61],
  [1723.20,1076.00],
  [1799.39,1050.61],
  [1799.39,1076.00],
  [1850.20,1050.61],
  [1875.61,1050.61],
  [1901.00,1050.61],
  [1926.41,1050.61],
  [1951.80,1050.61],
  [2002.60,1050.61],
  [1977.21,1050.61],
  [1926.41,1025.20],
  [1901.00,1025.20],
  [1901.00,999.80],
  [1926.41,999.80],
  [1951.80,999.80],
  [1977.21,999.80],
  [2002.60,999.80],
  [2053.40,923.59],
  [2078.81,923.59],
  [2104.20,923.59],
  [2129.61,923.59],
  [2129.61,872.79],
  [2104.20,872.79],
  [2078.81,872.79],
  [2053.40,872.79],
  [2028.01,872.79],
  [2002.60,872.79],
  [1977.21,872.79],
  [2028.01,923.59],
  [2002.60,923.59],
  [1977.21,923.59],
  [1951.80,923.59],
  [1926.41,923.59],
  [1901.00,923.59],
  [1926.41,898.20],
  [1951.80,872.79],
  [1926.41,872.79],
  [1901.00,872.79],
  [1901.00,898.20],
  [1850.20,974.39],
  [1799.39,999.80],
  [1774.00,999.80],
  [1799.39,974.39],
  [1799.39,949.00],
  [1799.39,923.59],
  [1799.39,898.20],
  [1799.39,872.79],
  [1799.39,847.40],
  [1799.39,821.99],
  [1723.20,821.99],
  [1723.20,847.40],
  [1723.20,872.79],
  [1723.20,898.20],
  [1723.20,923.59],
  [1723.20,949.00],
  [1723.20,974.39],
  [1672.40,974.39],
  [1672.40,949.00],
  [1672.40,923.59],
  [1672.40,898.20],
  [1672.40,872.79],
  [1672.40,847.40],
  [1672.40,821.99],
  [1596.19,847.40],
  [1596.19,821.99],
  [1570.80,821.99],
  [1570.80,847.40],
  [1596.19,872.79],
  [1570.80,872.79],
  [1570.80,898.20],
  [1570.80,923.59],
  [1596.19,949.00],
  [1596.19,974.39],
  [1570.80,999.80],
  [1596.19,999.80],
  [1570.80,974.39],
  [1570.80,949.00],
  [1596.19,923.59],
  [1596.19,898.20],
  [1494.61,821.99],
  [1494.61,847.40],
  [1494.61,872.79],
  [1494.61,898.20],
  [1494.61,923.59],
  [1494.61,949.00],
  [1494.61,974.39],
  [1596.19,1050.61],
  [1570.80,1076.00],
  [1596.19,1076.00],
  [1570.80,1050.61],
  [1494.61,1050.61],
  [1494.61,1076.00],
  [1494.61,1101.41],
  [1494.61,1126.80],
  [1494.61,1152.21],
  [1494.61,1177.60],
  [1494.61,1203.01],
  [1494.61,1228.40],
  [1443.81,1228.40],
  [1443.81,1203.01],
  [1443.81,1177.60],
  [1443.81,1152.21],
  [1367.60,1101.41],
  [1367.60,1126.80],
  [1367.60,1152.21],
  [1367.60,1177.60],
  [1367.60,1203.01],
  [1367.60,1228.40],
  [1342.21,1253.81],
  [1367.60,1253.81],
  [1443.81,1304.61],
  [1443.81,1330.00],
  [1443.81,1355.39],
  [1443.81,1380.80],
  [1443.81,1406.19],
  [1443.81,1431.60],
  [1494.61,1304.61],
  [1494.61,1330.00],
  [1494.61,1355.39],
  [1494.61,1380.80],
  [1494.61,1406.19],
  [1494.61,1431.60],
  [1494.61,1456.99],
  [1494.61,1482.40],
  [1443.81,1482.40],
  [1443.81,1456.99],
  [1367.60,1304.61],
  [1367.60,1330.00],
  [1367.60,1355.39],
  [1367.60,1380.80],
  [1367.60,1406.19],
  [1367.60,1431.60],
  [1367.60,1456.99],
  [1367.60,1482.40],
  [1342.21,1507.79],
  [1367.60,1507.79],
  [1443.81,1558.59],
  [1469.20,1558.59],
  [1494.61,1558.59],
  [1469.20,1634.80],
  [1443.81,1634.80],
  [1494.61,1685.61],
  [1469.20,1685.61],
  [1443.81,1685.61],
  [1494.61,1761.80],
  [1469.20,1761.80],
  [1443.81,1761.80],
  [1443.81,1787.21],
  [1469.20,1787.21],
  [1672.40,1939.61],
  [1672.40,2015.80],
  [1469.20,2041.19],
  [1443.81,2041.19],
  [1393.01,1939.61],
  [1367.60,1939.61],
  [1342.21,1939.61],
  [1316.80,2041.19],
  [1342.21,2066.60],
  [1469.20,2142.79],
  [1469.20,2168.20],
  [1520.00,2219.00],
  [1494.61,2244.39],
  [1520.00,2244.39],
  [1545.39,2244.39],
  [1545.39,2219.00],
  [1570.80,2244.39],
  [1570.80,2219.00],
  [1596.19,2244.39],
  [1596.19,2219.00],
  [1621.60,2244.39],
  [1621.60,2219.00],
  [1646.99,2244.39],
  [1646.99,2219.00],
  [1672.40,2244.39],
  [1672.40,2219.00],
  [1672.40,2168.20],
  [1646.99,2142.79],
  [1672.40,2142.79],
  [1646.99,2168.20],
  [1621.60,2168.20],
  [1621.60,2142.79],
  [1596.19,2168.20],
  [1596.19,2142.79],
  [1570.80,2142.79],
  [1545.39,2142.79],
  [1570.80,2168.20],
  [1545.39,2168.20],
  [1520.00,2168.20],
  [1494.61,2142.79],
  [1520.00,2142.79],
  [1494.61,2168.20],
  [1494.61,2219.00],
  [1469.20,2244.39],
  [1443.81,2244.39],
  [1469.20,2219.00],
  [1443.81,2219.00],
  [1418.40,2244.39],
  [1393.01,2244.39],
  [1418.40,2219.00],
  [1393.01,2219.00],
  [1367.60,2244.39],
  [1342.21,2244.39],
  [1367.60,2219.00],
  [1342.21,2219.00],
  [1316.80,2244.39],
  [1291.41,2244.39],
  [1316.80,2219.00],
  [1316.80,2168.20],
  [1291.41,2168.20],
  [1240.61,2219.00],
  [1240.61,2244.39],
  [1266.00,2244.39],
  [1266.00,2219.00],
  [1291.41,2219.00],
  [1266.00,2193.59],
  [1266.00,2168.20],
  [1240.61,2168.20],
  [1240.61,2193.59],
  [1215.20,2219.00],
  [1215.20,2244.39],
  [1189.80,2219.00],
  [1189.80,2244.39],
  [1164.39,2244.39],
  [1139.00,2244.39],
  [1164.39,2219.00],
  [1139.00,2219.00],
  [1113.59,2244.39],
  [1088.20,2244.39],
  [1113.59,2219.00],
  [1088.20,2219.00],
  [1062.79,2244.39],
  [1062.79,2219.00],
  [1062.79,2193.59],
  [1088.20,2193.59],
  [1113.59,2193.59],
  [1037.40,2117.40],
  [1062.79,2117.40],
  [1037.40,2091.99],
  [1062.79,2091.99],
  [1139.00,2066.60],
  [1164.39,2066.60],
  [1164.39,2091.99],
  [1189.80,2091.99],
  [1164.39,2168.20],
  [1139.00,2193.59],
  [1164.39,2193.59],
  [1189.80,2168.20],
  [1189.80,2193.59],
  [1215.20,2193.59],
  [1215.20,2168.20],
  [1215.20,2091.99],
  [1215.20,2066.60],
  [1240.61,2066.60],
  [1240.61,2091.99],
  [1266.00,2066.60],
  [1266.00,2091.99],
  [1291.41,2066.60],
  [1291.41,2091.99],
  [1316.80,2091.99],
  [1316.80,2066.60],
  [1291.41,2041.19],
  [1266.00,2041.19],
  [1240.61,2041.19],
  [1215.20,2041.19],
  [1189.80,2066.60],
  [1164.39,2041.19],
  [1189.80,2041.19],
  [1291.41,1939.61],
  [1316.80,1939.61],
  [1316.80,1965.00],
  [1291.41,1965.00],
  [1266.00,1939.61],
  [1240.61,1939.61],
  [1266.00,1965.00],
  [1240.61,1965.00],
  [1215.20,1965.00],
  [1189.80,1965.00],
  [1164.39,1939.61],
  [1164.39,1965.00],
  [1189.80,1939.61],
  [1215.20,1939.61],
  [1240.61,1863.40],
  [1266.00,1863.40],
  [1291.41,1863.40],
  [1316.80,1863.40],
  [1342.21,1863.40],
  [1393.01,1863.40],
  [1367.60,1863.40],
  [1316.80,1812.60],
  [1291.41,1812.60],
  [1266.00,1812.60],
  [1240.61,1812.60],
  [1215.20,1812.60],
  [1215.20,1863.40],
  [1189.80,1863.40],
  [1164.39,1863.40],
  [1164.39,1812.60],
  [1164.39,1787.21],
  [1189.80,1787.21],
  [1189.80,1812.60],
  [1316.80,1736.41],
  [1291.41,1736.41],
  [1266.00,1736.41],
  [1240.61,1736.41],
  [1215.20,1736.41],
  [1189.80,1736.41],
  [1164.39,1736.41],
  [1164.39,1685.61],
  [1189.80,1685.61],
  [1215.20,1685.61],
  [1240.61,1685.61],
  [1266.00,1685.61],
  [1291.41,1685.61],
  [1316.80,1685.61],
  [1316.80,1609.39],
  [1291.41,1609.39],
  [1266.00,1609.39],
  [1240.61,1609.39],
  [1215.20,1609.39],
  [1189.80,1609.39],
  [1164.39,1609.39],
  [1189.80,1533.20],
  [1240.61,1507.79],
  [1266.00,1507.79],
  [1189.80,1507.79],
  [1189.80,1482.40],
  [1189.80,1456.99],
  [1189.80,1431.60],
  [1189.80,1406.19],
  [1189.80,1380.80],
  [1189.80,1355.39],
  [1240.61,1355.39],
  [1266.00,1355.39],
  [1291.41,1355.39],
  [1291.41,1304.61],
  [1266.00,1304.61],
  [1240.61,1304.61],
  [1189.80,1279.20],
  [1189.80,1253.81],
  [1266.00,1228.40],
  [1266.00,1203.01],
  [1291.41,1228.40],
  [1266.00,1253.81],
  [1291.41,1253.81],
  [1316.80,1253.81],
  [1316.80,1228.40],
  [1291.41,1203.01],
  [1291.41,1177.60],
  [1316.80,1203.01],
  [1316.80,1177.60],
  [1316.80,1152.21],
  [1291.41,1152.21],
  [1266.00,1126.80],
  [1266.00,1152.21],
  [1266.00,1177.60],
  [1189.80,1228.40],
  [1189.80,1203.01],
  [1189.80,1177.60],
  [1189.80,1152.21],
  [1189.80,1126.80],
  [1189.80,1101.41],
  [1240.61,1025.20],
  [1240.61,999.80],
  [1316.80,999.80],
  [1316.80,1025.20],
  [1266.00,1076.00],
  [1266.00,1101.41],
  [1291.41,1076.00],
  [1316.80,1076.00],
  [1291.41,1101.41],
  [1291.41,1126.80],
  [1316.80,1126.80],
  [1316.80,1101.41],
  [1367.60,1076.00],
  [1367.60,1050.61],
  [1443.81,1126.80],
  [1443.81,1101.41],
  [1443.81,1076.00],
  [1443.81,1050.61],
  [1367.60,999.80],
  [1342.21,999.80],
  [1367.60,974.39],
  [1367.60,949.00],
  [1367.60,923.59],
  [1367.60,847.40],
  [1367.60,872.79],
  [1367.60,898.20],
  [1443.81,974.39],
  [1443.81,949.00],
  [1443.81,923.59],
  [1443.81,898.20],
  [1443.81,872.79],
  [1443.81,847.40],
  [1443.81,821.99],
  [1367.60,821.99],
  [1316.80,796.60],
  [1316.80,733.11],
  [1316.80,707.70],
  [1266.00,707.70],
  [1266.00,733.11],
  [1240.61,796.60],
  [1189.80,796.60],
  [1227.89,733.11],
  [1227.89,707.70],
  [1189.80,707.70],
  [1189.80,733.11],
  [1151.70,707.70],
  [1151.70,733.11],
  [1113.59,707.70],
  [1113.59,733.11],
  [1075.51,707.70],
  [1075.51,733.11],
  [1113.59,796.60],
  [1062.79,796.60],
  [935.80,1025.20],
  [935.80,999.80],
  [935.80,974.39],
  [935.80,949.00],
  [935.80,923.59],
  [935.80,898.20],
  [935.80,872.79],
  [935.80,847.40],
  [935.80,821.99],
  [935.80,796.60],
  [986.60,796.60],
  [1037.40,733.11],
  [1037.40,707.70],
  [999.30,707.70],
  [999.30,733.11],
  [948.50,707.70],
  [948.50,733.11],
  [910.39,707.70],
  [910.39,733.11],
  [872.30,707.70],
  [872.30,733.11],
  [834.20,707.70],
  [834.20,733.11],
  [796.09,707.70],
  [796.09,733.11],
  [758.01,796.60],
  [732.60,796.60],
  [732.60,821.99],
  [681.80,847.40],
  [681.80,872.79],
  [681.80,923.59],
  [681.80,898.20],
  [681.80,821.99],
  [681.80,796.60],
  [631.00,733.11],
  [631.00,707.70],
  [681.80,707.70],
  [681.80,733.11]
]