[
  [605.61,796.60],
  [681.80,1025.20],
  [605.61,1152.21],
  [605.61,1253.81],
  [656.41,1736.41],
  [808.81,2041.19],
  [726.25,1825.29],
  [758.01,1863.40],
  [783.40,1736.41],
  [808.81,1736.41],
  [758.01,1101.41],
  [758.01,796.60],
  [758.01,821.99],
  [872.30,733.11],
  [885.00,2066.60],
  [872.30,1787.21],
  [935.80,1965.00],
  [910.39,707.70],
  [935.80,1812.60],
  [935.80,1761.80],
  [935.80,1177.60],
  [986.60,1380.80],
  [1011.99,898.20],
  [986.60,1203.01],
  [986.60,1152.21],
  [986.60,821.99],
  [1011.99,796.60],
  [986.60,923.59],
  [1062.79,1126.80],
  [1113.59,1431.60],
  [1139.00,1482.40],
  [1189.80,949.00],
  [1189.80,1253.81],
  [1240.61,1507.79],
  [1291.41,1355.39],
  [1266.00,1253.81],
  [1189.80,1101.41],
  [1189.80,1380.80],
  [1113.59,1152.21],
  [1113.59,821.99],
  [1189.80,707.70],
  [1151.70,733.11],
  [1113.59,923.59],
  [1113.59,1101.41],
  [1113.59,1228.40],
  [1113.59,949.00],
  [1113.59,1406.19],
  [1139.00,860.10],
  [1189.80,733.11],
  [1240.61,1711.00],
  [1266.00,1736.41],
  [1291.41,1863.40],
  [1278.69,2047.56],
  [1285.06,2053.91],
  [1291.41,2041.19],
  [1329.49,1958.65],
  [1291.41,1965.00],
  [1323.14,1952.30],
  [1316.80,1787.21],
  [1342.21,1863.40],
  [1329.49,1945.96],
  [1335.86,1952.30],
  [1164.39,2244.39],
  [1164.39,2091.99],
  [1189.80,1584.00],
  [1215.20,1711.00],
  [1164.39,1634.80],
  [1164.39,1787.21],
  [1189.80,1863.40],
  [1189.80,2244.39],
  [1266.00,2168.20],
  [1278.69,2060.25],
  [1272.34,2053.91],
  [1240.61,2041.19],
  [1227.89,1958.65],
  [1234.26,1952.30],
  [1240.61,1965.00],
  [1291.41,1609.39],
  [1291.41,1076.00],
  [1266.00,707.70],
  [1189.80,847.40],
  [1139.00,1533.20],
  [1113.59,2028.50],
  [1088.20,2244.39],
  [1088.20,2079.30],
  [999.30,2180.90],
  [1011.99,1736.41],
  [1062.79,1685.61],
  [1037.40,1634.80],
  [1113.59,1863.40],
  [1062.79,771.19],
  [1062.79,821.99],
  [1024.71,1279.20],
  [986.60,1507.79],
  [1037.40,872.79],
  [1037.40,1482.40],
  [1011.99,1609.39],
  [961.19,1711.00],
  [999.30,733.11],
  [1011.99,1901.50],
  [1037.40,1914.20],
  [1062.79,1736.41],
  [1062.79,1609.39],
  [1240.61,2244.39],
  [1342.21,1939.61],
  [1291.41,2168.20],
  [1316.80,1584.00],
  [1266.00,1685.61],
  [1215.20,1787.21],
  [1189.80,1965.00],
  [1215.20,2041.19],
  [1240.61,1863.40],
  [1227.89,1945.96],
  [1221.54,1952.30],
  [1189.80,2091.99],
  [1215.20,2168.20],
  [1367.60,1634.80],
  [1494.61,2244.39],
  [1520.00,2028.50],
  [1570.80,1812.60],
  [1596.19,1812.60],
  [1570.80,2244.39],
  [1672.40,1939.61],
  [1710.51,1996.76],
  [1716.86,2003.11],
  [1748.59,2015.80],
  [1850.20,2142.79],
  [1875.61,2244.39],
  [1951.80,2091.99],
  [1913.69,2079.30],
  [1977.21,2244.39],
  [1799.39,2168.20],
  [1850.20,2219.00],
  [1824.80,1634.80],
  [1774.00,1736.41],
  [1723.20,1761.80],
  [1799.39,1507.79],
  [1799.39,1456.99],
  [1799.39,1228.40],
  [1761.31,1228.40],
  [1748.59,1431.60],
  [1862.89,949.00],
  [1786.70,707.70],
  [1901.00,898.20],
  [1926.41,872.79],
  [1774.00,1939.61],
  [1774.00,1812.60],
  [1748.59,1634.80],
  [1748.59,1888.81],
  [1672.40,1761.80],
  [1672.40,1812.60],
  [1723.20,1406.19],
  [1723.20,1330.00],
  [1723.20,999.80],
  [1710.51,733.11],
  [1697.79,821.99],
  [1723.20,1152.21],
  [1672.40,1076.00],
  [1646.99,1304.61],
  [1723.20,1076.00],
  [1748.59,898.20],
  [1723.20,1203.01],
  [1799.39,796.60],
  [1748.59,733.11],
  [1799.39,999.80],
  [1824.80,987.11],
  [1723.20,1990.39],
  [1697.79,1939.61],
  [1704.14,2003.11],
  [1710.51,2009.45],
  [1646.99,2244.39],
  [1774.00,1965.00],
  [1926.41,923.59],
  [1913.69,707.70],
  [2002.60,923.59],
  [1951.80,707.70],
  [1926.41,796.60],
  [1989.90,707.70],
  [1977.21,796.60],
  [2028.01,796.60],
  [2066.09,733.11],
  [2104.20,796.60],
  [2028.01,707.70],
  [2002.60,872.79],
  [2155.00,1253.81],
  [2161.35,1266.50],
  [2167.70,1272.85],
  [2205.80,1558.59],
  [2281.99,1761.80],
  [2332.79,1558.59],
  [2358.20,1126.80],
  [2447.11,1584.00],
  [2383.59,2142.79],
  [2358.20,2066.60],
  [2383.59,2015.80],
  [2434.39,1406.19],
  [2409.00,2015.80],
  [2434.39,2053.91],
  [2434.39,1355.39],
  [2459.80,796.60],
  [2459.80,1330.00],
  [2421.70,974.39],
  [2409.00,872.79],
  [2459.80,974.39],
  [2485.20,1279.20],
  [2536.00,796.60],
  [2523.30,1355.39],
  [2523.30,1584.00],
  [2561.41,1939.61],
  [2561.41,2244.39],
  [2510.61,2142.79],
  [2713.81,2244.39],
  [2713.81,2142.79],
  [2701.09,2079.30],
  [2688.40,1126.80],
  [2663.01,1761.80],
  [2663.01,1050.61],
  [2637.60,1101.41],
  [2612.21,1152.21],
  [2637.60,1355.39],
  [2561.41,1558.59],
  [2586.80,1939.61],
  [2612.21,1812.60],
  [2586.80,1761.80],
  [2561.41,1812.60],
  [2561.41,1761.80],
  [2612.21,999.80],
  [2701.09,1291.89],
  [2764.61,1126.80],
  [2790.00,1152.21],
  [2840.80,1126.80],
  [2790.00,821.99],
  [2739.20,821.99],
  [2713.81,872.79],
  [2612.21,796.60],
  [2434.39,1304.61],
  [2497.89,834.71],
  [2536.00,872.79],
  [2561.41,821.99],
  [2612.21,834.71],
  [2574.10,949.00],
  [2561.41,796.60],
  [2561.41,999.80],
  [2586.80,1101.41],
  [2510.61,1177.60],
  [2536.00,1203.01],
  [2472.50,1558.59],
  [2561.41,2066.60],
  [2637.60,2219.00],
  [2586.80,2104.71],
  [2561.41,2104.71],
  [2637.60,2244.39],
  [2637.60,2142.79],
  [2536.00,1456.99],
  [2497.89,1101.41],
  [2447.11,1558.59],
  [2383.59,1469.71],
  [2281.99,1812.60],
  [2231.19,2041.19],
  [2434.39,2219.00],
  [2440.74,2231.70],
  [2459.80,2244.39],
  [2453.46,2231.70],
  [2447.11,2225.35],
  [2358.20,1812.60],
  [2383.59,1939.61],
  [2307.40,2142.79],
  [2256.60,2142.79],
  [2332.79,1939.61],
  [2370.90,1101.41],
  [2231.19,2142.79],
  [2167.70,2079.30],
  [2129.61,2244.39],
  [2129.61,2041.19],
  [2180.39,2219.00],
  [2078.81,2142.79],
  [2078.81,2244.39],
  [2078.81,2066.60],
  [2028.01,2244.39],
  [2053.40,2117.40],
  [2028.01,2142.79],
  [2053.40,2219.00],
  [2002.60,2066.60],
  [1977.21,2066.60],
  [3018.59,2193.59],
  [3044.00,2142.79],
  [3044.00,2219.00],
  [2967.79,2168.20],
  [2980.51,2104.71],
  [3069.39,2219.00],
  [3069.39,2142.79],
  [3132.91,2117.40],
  [3209.10,1952.30],
  [3196.41,2066.60],
  [3120.20,2015.80],
  [3171.00,1812.60],
  [3107.50,1584.00],
  [3094.80,1965.00],
  [3069.39,2015.80],
  [2993.20,1939.61],
  [2993.20,2015.80],
  [2967.79,2066.60],
  [2993.20,898.20],
  [3018.59,1050.61],
  [3044.00,872.79],
  [3069.39,949.00],
  [3069.39,796.60],
  [3069.39,898.20],
  [3120.20,796.60],
  [3171.00,923.59],
  [3120.20,1050.61],
  [3171.00,999.80],
  [3145.61,1050.61],
  [3120.20,1126.80],
  [3145.61,872.79],
  [3094.80,1304.61],
  [2993.20,949.00],
  [2967.79,796.60],
  [2993.20,796.60],
  [2840.80,872.79],
  [2815.41,796.60],
  [2802.70,1215.70],
  [2828.11,1330.00],
  [2790.00,1380.80],
  [2802.70,1330.00],
  [2891.60,1101.41],
  [2866.19,1050.61],
  [2853.50,974.39],
  [2866.19,1253.81],
  [2739.20,796.60],
  [2764.61,1279.20],
  [2840.80,1279.20],
  [2916.99,1253.81],
  [2904.30,1025.20],
  [2916.99,1406.19],
  [2891.60,1342.70],
  [2866.19,1342.70],
  [2815.41,1431.60],
  [2853.50,1456.99],
  [2840.80,1761.80],
  [2790.00,1634.80],
  [2840.80,1685.61],
  [2726.50,1939.61],
  [2790.00,1939.61],
  [2790.00,2015.80],
  [2739.20,1825.29],
  [2764.61,1507.79],
  [2790.00,1431.60],
  [2790.00,1584.00],
  [2764.61,1761.80],
  [2815.41,1761.80],
  [2739.20,1571.31],
  [2840.80,2117.40],
  [2866.19,2142.79],
  [2967.79,1126.80],
  [3018.59,1126.80],
  [3044.00,1050.61],
  [3069.39,1304.61],
  [3005.90,1228.40],
  [3044.00,1380.80],
  [3120.20,1177.60],
  [3145.61,1253.81],
  [3171.00,1177.60],
  [3120.20,1380.80],
  [3298.01,2168.20],
  [3488.50,1157.40],
  [3505.18,1167.40],
  [3508.50,1194.06],
  [3488.50,1260.74],
  [3505.18,1240.74],
  [3498.50,1220.74],
  [3508.50,1197.40],
  [3498.50,1170.74],
  [3495.18,1160.74],
  [3488.50,1127.40],
  [3498.50,1120.74],
  [3488.50,1097.40],
  [3488.50,1094.06],
  [3508.50,1077.40],
  [3498.50,1057.40],
  [3498.50,1050.74],
  [3508.50,1037.40],
  [3488.50,1020.74],
  [3508.50,1000.74],
  [3425.00,999.80],
  [3488.50,907.40],
  [3488.50,927.40],
  [3495.18,940.74],
  [3495.18,920.74],
  [3508.50,900.74],
  [3498.50,894.06],
  [3508.50,880.74],
  [3488.50,860.74],
  [3450.41,872.79],
  [3348.81,771.19],
  [3323.40,707.70],
  [3272.60,847.40],
  [3221.80,999.80],
  [3323.40,974.39],
  [3374.20,898.20],
  [3298.01,847.40],
  [3196.41,796.60],
  [3196.41,1266.50],
  [3221.80,2168.20],
  [3272.60,1101.41],
  [3272.60,1025.20],
  [3298.01,923.59],
  [3272.60,2041.19],
  [3298.01,1990.39],
  [3348.81,2066.60],
  [3399.61,1812.60],
  [3361.50,1787.21],
  [3336.09,1914.20],
  [3361.50,1990.39],
  [3399.61,2066.60],
  [3272.60,1761.80],
  [3234.49,1799.90],
  [3272.60,1507.79],
  [3298.01,1558.59],
  [3247.21,1634.80],
  [3405.96,2211.31],
  [3410.96,2216.31],
  [3405.96,2231.31],
  [3395.96,2231.31],
  [3495.18,2167.56],
  [3498.50,2157.56],
  [3498.50,2150.90],
  [3498.50,2140.90],
  [3488.50,2120.90],
  [3505.18,2100.90],
  [3498.50,2080.90],
  [3488.50,2057.56],
  [3488.50,2054.24],
  [3498.50,2037.56],
  [3488.50,2040.90],
  [3498.50,2020.90],
  [3495.18,2000.90],
  [3508.50,1997.56],
  [3498.50,1977.56],
  [3498.50,1970.90],
  [3495.18,1960.90],
  [3508.50,1957.56],
  [3488.50,1927.56],
  [3498.50,1920.90],
  [3488.50,1897.56],
  [3488.50,1894.24],
  [3508.50,1877.56],
  [3498.50,1857.56],
  [3498.50,1850.90],
  [3508.50,1837.56],
  [3488.50,1820.90],
  [3508.50,1800.90],
  [3437.70,1850.70],
  [3348.81,1406.19],
  [3348.81,1507.79],
  [3348.81,1456.99],
  [3323.40,1761.80],
  [3323.40,1863.40],
  [3323.40,1634.80],
  [3374.20,1685.61],
  [3399.61,1914.20],
  [3412.30,1977.70],
  [3399.61,1685.61],
  [3399.61,1558.59],
  [3425.00,1584.00],
  [3323.40,1558.59],
  [3298.01,1507.79],
  [3221.80,1380.80],
  [3272.60,1406.19],
  [3323.40,1380.80],
  [3348.81,1177.60],
  [3348.81,1253.81],
  [3272.60,1177.60],
  [3247.21,1228.40],
  [3171.00,1253.81],
  [3145.61,1456.99],
  [3171.00,1533.20],
  [3044.00,1761.80],
  [3005.90,1736.41],
  [3018.59,1558.59],
  [2993.20,1787.21],
  [2942.40,1761.80],
  [2993.20,1304.61],
  [3044.00,2066.60],
  [3044.00,2015.80],
  [3120.20,1685.61],
  [3120.20,1761.80],
  [3069.39,1507.79],
  [3069.39,1380.80],
  [3018.59,1634.80],
  [2967.79,1533.20],
  [2891.60,1507.79],
  [2916.99,1863.40],
  [2891.60,1888.81],
  [2891.60,1685.61],
  [2866.19,1787.21],
  [2840.80,1507.79],
  [2815.41,2015.80],
  [2840.80,1787.21],
  [2891.60,1977.70],
  [2916.99,2041.19],
  [2891.60,2142.79],
  [2866.19,2168.20],
  [2891.60,2066.60],
  [2916.99,2219.00],
  [2815.41,2244.39],
  [2815.41,2066.60],
  [2790.00,2142.79],
  [2739.20,2168.20],
  [2764.61,2066.60],
  [2663.01,2244.39],
  [2612.21,2066.60],
  [2637.60,1406.19],
  [2637.60,1584.00],
  [2536.00,2015.80],
  [2536.00,1812.60],
  [2510.61,1838.01],
  [2485.20,1787.21],
  [2510.61,1685.61],
  [2485.20,1838.01],
  [2485.20,1939.61],
  [2510.61,2219.00],
  [2383.59,1888.81],
  [2332.79,1888.81],
  [2447.11,2238.05],
  [2485.20,2015.80],
  [2459.80,2066.60],
  [2358.20,1279.20],
  [2294.71,1355.39],
  [2281.99,872.79],
  [2307.40,1253.81],
  [2320.10,1171.25],
  [2326.45,1164.90],
  [2320.10,872.79],
  [2320.10,1158.55],
  [2313.75,1164.90],
  [2294.71,1228.40],
  [2307.40,1050.61],
  [2332.79,1177.60],
  [2332.79,1304.61],
  [2358.20,1330.00],
  [2358.20,1634.80],
  [2307.40,1634.80],
  [2205.80,1761.80],
  [2281.99,1558.59],
  [2231.19,1228.40],
  [2243.91,1279.20],
  [2281.99,1634.80],
  [2231.19,1177.60],
  [2129.61,1507.79],
  [2155.00,1304.61],
  [2155.00,1177.60],
  [2167.70,1260.16],
  [2174.04,1266.50],
  [2129.61,1685.61],
  [2155.00,1634.80],
  [2078.81,1609.39],
  [2066.09,1152.21],
  [2028.01,1253.81],
  [2167.70,885.51],
  [2193.11,1152.21],
  [2180.39,1050.61],
  [2205.80,1126.80],
  [2205.80,1253.81],
  [2231.19,923.59],
  [2155.00,1406.19],
  [2053.40,1838.01],
  [2078.81,1761.80],
  [2053.40,1507.79],
  [2002.60,1355.39],
  [2053.40,1431.60],
  [2053.40,1685.61],
  [2129.61,1380.80],
  [2129.61,1456.99],
  [2078.81,1279.20],
  [2028.01,1736.41],
  [2002.60,1838.01],
  [1977.21,1838.01],
  [1977.21,1787.21],
  [1951.80,1812.60],
  [2002.60,1685.61],
  [1977.21,1431.60],
  [1901.00,1406.19],
  [1926.41,1812.60],
  [2002.60,1939.61],
  [1977.21,1533.20],
  [2002.60,1507.79],
  [1926.41,1304.61],
  [1939.10,1609.39],
  [1901.00,1253.81],
  [2002.60,1050.61],
  [2002.60,1253.81],
  [2028.01,999.80],
  [1951.80,1253.81],
  [2002.60,1177.60],
  [2104.20,999.80],
  [2028.01,1152.21],
  [2002.60,999.80],
  [1913.69,1152.21],
  [1977.21,999.80],
  [1850.20,1177.60],
  [1850.20,1812.60],
  [1875.61,2015.80],
  [1862.89,1888.81],
  [1850.20,1076.00],
  [1850.20,1304.61],
  [1850.20,1406.19],
  [1799.39,1330.00],
  [1723.20,1101.41],
  [1672.40,872.79],
  [1634.30,733.11],
  [1570.80,796.60],
  [1583.50,733.11],
  [1596.19,847.40],
  [1596.19,1126.80],
  [1596.19,1177.60],
  [1596.19,923.59],
  [1570.80,1076.00],
  [1596.19,1355.39],
  [1672.40,847.40],
  [1621.60,1431.60],
  [1570.80,999.80],
  [1596.19,949.00],
  [1570.80,1253.81],
  [1532.70,1228.40],
  [1443.81,1456.99],
  [1494.61,1203.01],
  [1545.39,847.40],
  [1520.00,1431.60],
  [1596.19,898.20],
  [1672.40,707.70],
  [1672.40,821.99],
  [1570.80,1203.01],
  [1570.80,1482.40],
  [1596.19,1482.40],
  [1672.40,1203.01],
  [1596.19,1406.19],
  [1646.99,1380.80],
  [1545.39,1787.21],
  [1520.00,1761.80],
  [1545.39,1812.60],
  [1494.61,1558.59],
  [1545.39,1685.61],
  [1545.39,1558.59],
  [1469.20,1634.80],
  [1469.20,1558.59],
  [1443.81,1761.80],
  [1494.61,1812.60],
  [1520.00,2142.79],
  [1545.39,2244.39],
  [1494.61,1888.81],
  [1443.81,1685.61],
  [1443.81,1888.81],
  [1469.20,974.39],
  [1545.39,733.11],
  [1494.61,847.40],
  [1494.61,1126.80],
  [1494.61,1177.60],
  [1532.70,872.79],
  [1545.39,1304.61],
  [1494.61,1076.00],
  [1494.61,949.00],
  [1494.61,1304.61],
  [1443.81,1330.00],
  [1443.81,1050.61],
  [1367.60,1304.61],
  [1393.01,1431.60],
  [1393.01,898.20],
  [1367.60,1152.21],
  [1342.21,999.80],
  [1316.80,733.11],
  [1291.41,1126.80],
  [1443.81,796.60],
  [1507.30,733.11],
  [1443.81,847.40],
  [1367.60,1482.40],
  [1367.60,1203.01],
  [1418.40,860.10],
  [1367.60,1330.00],
  [1367.60,923.59],
  [1367.60,1101.41],
  [1367.60,821.99],
  [1469.20,707.70],
  [1240.61,974.39],
  [1189.80,821.99],
  [1151.70,1279.20],
  [1062.79,1507.79],
  [1062.79,1279.20],
  [1088.20,1317.30],
  [1062.79,923.59],
  [986.60,1456.99],
  [961.19,1406.19],
  [859.61,1279.20],
  [859.61,1025.20],
  [935.80,1584.00],
  [897.70,1418.91],
  [859.61,1152.21],
  [808.81,1330.00],
  [859.61,1533.20],
  [834.20,1939.61],
  [808.81,1863.40],
  [758.01,1660.20],
  [758.01,1279.20],
  [758.01,1177.60],
  [681.80,1787.21],
  [681.80,1838.01],
  [707.21,1939.61],
  [732.60,1939.61],
  [783.40,1888.81],
  [758.01,1787.21],
  [732.60,1584.00],
  [681.80,1355.39],
  [681.80,1279.20],
  [656.41,1838.01],
  [681.80,999.80],
  [713.55,1825.29],
  [719.90,1831.64],
  [681.80,2041.19],
  [758.01,1939.61],
  [808.81,1965.00],
  [808.81,1152.21],
  [808.81,999.80],
  [808.81,949.00],
  [681.80,923.59]
]